5000 2000
5137 -3802 9226 6387 -2981 9529 326 836 6153 5862 5713 -953 4519 7311 -4003 8215 9535 -9035 3730 -8438 -1855 4887 1354 -5203 -4054 613 634 6255 -6351 6928 -171 571 8237 623 6107 9756 8106 1222 2523 8047 725 7424 2384 -7592 9402 -1246 739 -1436 3582 3100 3279 9808 -9657 -3002 9613 914 2945 -1698 -4174 -6222 5967 5305 -1444 7840 2038 -6872 -5954 7780 8788 1025 3988 9818 1356 3341 2962 -1262 -9189 8872 -6546 -6737 -9809 -3900 -287 4608 5698 8554 -8653 8777 964 7697 -3838 -6092 -8763 4738 2753 3891 -5083 -481 -2707 5523 1801 9170 4605 2620 -2221 1654 -1432 164 3788 -5503 6376 180 9343 8986 6830 1533 743 1242 806 1996 5257 165 3554 9042 7389 4961 6097 7381 6882 9647 1954 4499 5118 9124 681 -1110 -8007 5864 -4842 9981 -528 7074 -2240 5301 -821 3911 -8284 7630 6309 1483 -30 -5086 7106 -1755 -6933 4177 8835 7323 6785 195 8649 -2538 5753 2491 9078 129 8726 9304 7243 -8857 3873 2716 6442 -3782 3741 1910 -1320 -400 6773 -212 9023 7117 5557 -5736 7478 8055 -9784 5138 -2966 -9452 -5055 -9097 9047 4527 5624 3827 -6161 4552 7363 6675 -8117 -8350 -6578 -4124 -3485 7330 8174 7074 8080 -5196 8498 9429 1045 -7455 6425 6486 8859 3519 9401 7138 4455 4662 1972 926 -4415 -4834 -7304 7571 -399 -8915 232 -3523 -1313 6685 5765 -6836 9369 3927 3233 2472 4212 -1638 2647 943 6391 -949 -7416 7872 2594 -521 9458 9657 9933 1245 1673 2970 2102 -8480 5975 7795 1437 -1147 -4296 8661 5733 -6327 8696 -5094 -2803 2872 2214 2518 1529 -9065 2577 3107 8841 3946 5430 2183 -3945 7431 6650 -2347 -1022 -6086 -2139 -8632 680 3331 -6713 8352 1770 -846 8141 -9442 2617 6884 -1554 -877 6607 6892 7726 4572 5376 -3821 4340 -9800 6628 -4389 3675 7932 1780 6639 -5124 8069 -7716 2634 2640 6005 5109 1184 3077 7717 2708 5551 -8093 3755 8298 5365 -1145 -7310 -551 -5381 8228 -2287 -2290 4943 -5533 -6150 8001 5704 -6261 8123 2009 -137 -9080 3094 -9548 -3901 2018 2190 737 -1832 -1949 5591 1839 7121 2910 4816 888 9152 4557 -677 1800 -2958 1845 284 4438 9932 2256 6336 8974 3274 -9778 7881 5201 1712 -357 6020 -9126 7054 7362 -4631 -533 8186 1163 -7963 134 3099 1485 1657 9092 -8602 7917 1605 6836 -9091 -7076 -7076 9363 -397 -1940 -1742 -1754 3066 -5821 2083 9171 5439 7464 5207 -6782 9577 -176 2544 4071 -2222 3458 -9166 -9885 609 -6954 -1696 5535 -4290 -5258 -8377 5952 -6975 -6763 -8903 3538 7924 6168 -3287 9320 -2836 7668 3476 2745 7280 9420 1120 -6846 -4735 -8692 -5520 -5842 304 1611 -9141 8567 9362 -7587 -1594 -2760 -9414 6688 9709 9708 8220 -239 1707 -8262 9169 -6681 -1883 284 3640 5161 9282 7345 2258 306 8644 8569 9492 2759 4888 -4288 1973 3444 -7295 5100 3757 8327 339 2811 -781 -6722 4210 9524 4097 7057 -4382 5199 3391 210 -4528 2699 -8808 2401 8854 -2823 -9409 1216 -5914 9477 4101 -2232 34 5917 8231 5190 3595 3201 1072 2628 -814 639 6075 -5998 -3674 -4156 3085 7337 4897 7623 9380 -8044 702 -6457 -6846 -2779 -5615 39 6354 -5835 1510 8882 6379 9872 9471 6561 -307 3982 5848 -4941 -1681 2511 3297 2221 8588 756 9125 7930 6934 -8937 5295 7412 -100 9848 3990 -798 4667 5124 5860 -8693 -6479 7781 1244 -3264 3511 5661 -8776 7645 4465 6981 3359 6283 -2167 7068 -908 5710 7367 5148 9201 6788 1690 3674 5520 -2577 -9890 597 9494 1274 444 1844 5181 897 2123 1157 6614 6192 2551 -926 3342 213 -5218 7558 -928 -7451 -9332 4883 9007 8138 -3983 3531 -475 -1058 -667 -2176 7646 8319 6437 7576 -5787 9817 6479 708 -1558 7694 297 8297 2026 4878 2418 8860 -1600 -2928 -4133 -5402 -8766 -6116 9918 -2888 7827 9175 -3964 9975 -7905 -841 2984 -1465 7958 -3701 7054 4167 -5400 3222 9264 -28 8849 6292 7753 961 -2197 7059 -2582 3003 -3996 -3709 6885 9027 9238 -9759 -515 6670 69 3256 307 4558 -7098 922 1218 1299 -1707 7343 5042 3034 775 -3860 -3659 654 4570 3707 284 9540 959 9221 -4387 -8471 7685 6844 4340 -8086 3750 6405 4632 3294 3127 5158 6345 -2952 -6238 -560 -3770 8876 -7002 5260 -5598 6456 7448 -7835 2078 3440 9208 774 4374 -3935 5898 2314 -5684 2201 -7988 5106 1885 4011 7660 2491 5131 -6021 5608 -2048 1600 -2750 2636 9324 -7332 3163 64 -9984 3068 -2360 7998 464 2940 9626 5438 686 8736 6695 9579 1848 -9701 3309 5439 3871 9445 -9234 3240 -3808 -9419 -6886 7264 2974 2087 8449 7844 -734 6388 9466 -9493 -332 -646 9617 2499 1145 7936 -6774 6683 -2277 1573 2593 2101 9119 8449 1393 1920 115 -4527 -7532 -3155 22 7787 7368 -8702 -5397 1449 770 2396 5276 8474 2022 552 -5118 -1868 4263 2404 8271 3238 5739 6362 -3293 1283 3519 5031 7760 7621 -7135 2998 5410 -4901 -2047 -6115 -8575 7036 2371 -8686 2287 1884 -5805 6758 3656 5505 4709 3042 5527 1948 -7406 50 -8494 -3530 1561 8686 3263 -1811 8565 4791 -5105 4090 8798 -1010 7233 -4057 -3178 -3854 -3350 3615 679 917 3949 4089 -3455 5813 9175 530 -8113 -5534 6656 3219 -5855 2583 -5537 5194 656 2315 -997 9277 7442 -5169 7149 6747 -475 3843 4028 -9122 -5214 165 60 -202 2549 7479 1 -9077 4001 5138 2101 7490 -6322 785 -9473 231 2689 -8674 6835 5623 1394 4008 -2014 9917 9487 -8244 -8018 6321 9223 5768 9170 5540 -7475 6766 3089 5850 -8727 -6957 5099 -7836 1928 8330 5049 6443 3913 4045 9290 7099 -3798 -2152 9489 -1370 8939 35 -6279 -780 7186 310 -4839 -6506 8964 -2913 135 -6096 -6033 1898 -8407 -4815 3753 -3540 4878 9318 4508 -5377 7459 9178 3512 -5754 5338 9738 2254 -9049 8141 -163 871 4082 180 -9972 5184 6193 -8310 -144 696 -8705 9906 8483 -2234 -6057 3553 -4425 2081 2331 2985 -9109 -8730 -1891 1750 -1017 90 -8481 -9242 -4313 6652 2929 -8748 5708 6940 5249 -1420 -9174 736 9346 -5257 6012 -1162 6422 -3612 2957 -3261 2626 5398 3917 -8531 3341 4601 2257 4657 -8903 -3043 6340 1563 5687 -5653 7597 6688 3080 1793 -5501 -8320 2431 2435 415 8448 8085 5310 -6774 8264 3126 3262 6067 3104 3113 -8302 -7379 -9614 1699 -6656 220 2510 6594 4887 -6850 -6907 9225 2856 -1196 -5516 3015 -5080 -1517 2360 7822 -6409 -4119 8504 8896 -6237 7620 6799 -5469 3213 7773 4210 4704 2259 6142 1594 -4714 4162 8000 1702 8214 3718 4319 3755 1250 9690 -8933 -889 4269 2014 9927 5452 -2689 4552 4436 9741 7430 -9561 -5054 -3695 3519 -6406 -8363 7167 2602 4120 3868 -8247 2421 9404 -1210 585 2602 -2546 -5619 5039 704 -2669 897 3856 9017 8185 -9706 -1600 1387 -62 147 2316 2952 2563 3261 8788 1204 5189 2371 7759 8100 6430 3453 2088 9034 8517 -6036 4088 8932 -9716 6411 7236 2117 1874 2548 8034 6654 609 -3572 7106 -8085 3943 9692 4186 6841 814 -3484 3024 1552 1168 5609 5826 4743 4527 -1290 1998 491 3495 6131 -8805 -2661 8380 9826 2825 7380 5478 4273 7409 9897 7331 -5726 1639 7428 7478 3894 -8687 -8058 -3779 9549 -338 -2754 -995 -8199 -7121 -1418 359 7017 4439 8212 -160 9277 -817 6992 6295 3357 5627 3528 5295 6105 1978 103 6824 5414 3722 4257 7888 3807 3024 -5459 9498 7030 7085 2824 4441 8033 -7530 913 -7414 -6694 -3189 5017 6641 861 1780 -1140 -7294 7480 885 8917 311 3903 7242 3273 -3302 -6869 -4154 8647 2867 2617 7986 7004 3007 -736 5866 1376 -8759 -6177 2254 -1734 1574 3125 2646 -7603 -3437 160 5056 -6702 3804 -3034 8170 6927 1847 5086 -4710 -735 7582 4171 6712 -5741 4150 2650 6301 8348 7868 -9775 7950 -5123 -1961 3898 9187 4035 9573 -8075 -1057 7512 -2952 -5492 -591 9357 6300 -6654 7990 5125 4142 -7702 4734 2254 1020 -1669 5222 -9442 -420 -7426 9853 -1628 8072 1480 2215 7091 -7785 1843 7607 -8983 5505 2861 1990 9980 9395 5580 6346 6477 6568 -1556 6719 7298 4518 -9180 4317 1830 9893 1628 231 5373 -2249 8872 8161 5169 -4384 5669 5373 -7764 4264 3094 -5104 561 -2853 7959 7033 2709 5362 34 -8007 408 -1929 5651 2279 -9350 -1435 7282 9527 -3693 -2189 6542 6061 9584 830 6024 -5900 -3385 -4666 -7288 3528 4567 1239 -2580 770 -5302 9004 3260 1093 6488 3540 2917 1101 -8348 6416 3791 4430 7064 1284 8592 6997 6093 5736 -1064 -3275 -1988 2221 -7333 2286 167 -3473 803 3394 4651 -8591 8891 -8215 2665 5415 -4016 -4518 -8741 909 1139 -3911 5135 -6344 6365 -4884 6575 -6416 1218 1527 737 -9772 -7789 1836 2107 -4759 -8099 5632 -7132 250 2793 6670 766 -4832 8794 -8026 4379 -6442 -3165 -853 2102 675 -6440 4513 9363 -9227 3133 2601 -1139 8042 4871 -542 -4943 4654 6341 -6616 3277 9723 4677 -5447 1155 6194 3805 9267 -8386 5956 -5532 -4663 5640 -739 -6982 423 5725 2133 5459 4441 5489 3060 -1587 5317 1791 5386 8850 8877 1523 -6470 -9129 920 8118 -5254 2791 2348 -3566 8654 9892 -6204 5243 84 3795 9660 -9655 4901 4102 4714 9955 -7954 -1820 -2104 7868 2696 5807 520 -2646 -7299 9565 1759 -4166 -159 2482 2645 4842 7339 -4137 -4206 2358 -843 6881 -1371 -3047 -7047 6707 5067 -6546 -219 100 3621 -4541 -3761 1481 2841 7027 3083 7205 5591 3124 -5021 1444 1782 -5314 8096 -4865 2513 -3754 -241 -6399 9076 8924 9490 -7692 7459 -7719 1725 3646 -8231 6587 -7611 -9121 3015 7477 -9189 8497 8380 -2580 -3548 2950 2166 5644 -909 9557 -1486 5465 8674 9220 -8538 -8182 -1651 8148 5176 57 -2078 1889 -4754 -1372 8981 5881 8152 641 -8088 1750 -8715 6510 -6609 -2554 -6464 -2666 6698 -4943 4246 9273 8324 5850 -8657 5457 8509 -6606 8217 -8668 -9931 -8768 4912 7093 8147 -5218 -9430 6697 722 5306 115 7201 127 -6926 9080 -5327 8973 6482 6607 -6572 -6689 -8224 -7359 6029 -8545 8538 4255 -9441 1703 -4885 4118 9793 4306 -8054 2006 -6744 7494 6970 965 4012 -5412 326 9368 7286 -7212 1852 2382 -5499 76 9758 9256 1855 -3625 2681 3981 -5178 -321 2295 6349 -758 -1751 -7048 5334 -2978 8256 -8571 1393 6419 -2487 686 6871 8018 2446 7960 972 3435 2408 9015 5187 4231 6886 -953 6464 4376 -7550 6497 -2005 3771 6984 4326 448 1759 -400 1677 4924 9030 1945 2247 9513 -8438 3843 3640 -1605 2458 -220 7625 6702 5683 3393 3768 6504 1206 4937 -7937 1154 2590 -3466 -3004 5799 5818 -3324 8845 6062 9285 4044 -7773 6928 -1154 4589 -7393 7622 -2898 -7292 8317 -1363 1266 -9735 6870 6796 5251 285 3545 4159 157 5947 6649 8612 -6814 6528 1150 342 4736 4684 5873 8839 4477 6305 -8496 4878 1369 7281 6550 -8643 2873 9572 5219 8597 -1069 2638 6918 -223 2759 1573 -9149 985 9433 9614 5237 -424 -5584 4291 989 1835 -9405 1158 8109 8796 66 4279 8978 9733 4608 -6551 838 112 6971 9383 9448 1097 6771 6254 5794 -7904 8655 5074 8525 8201 -7389 5135 1725 -6807 -1807 8814 -9566 2264 4323 -3372 -5725 7055 4536 -3090 -171 9429 7120 7945 888 -9700 3098 6108 581 -1156 7969 -7179 7961 229 -9599 7714 6768 8409 2784 5970 -2183 -8526 -6339 -102 4084 3982 6866 8982 -6472 -9481 4688 -6920 5415 8581 2760 4030 2376 2381 8268 7793 4821 7640 2934 8670 6910 7634 -6423 5212 -960 1115 9421 9742 8780 1589 -5685 476 2234 3270 5815 6732 89 5401 -1076 9428 -5483 -6835 -7846 -8857 9777 3671 1985 5966 4420 466 2254 4038 3721 1012 2209 6833 3140 -5832 2400 8690 6213 -7638 -8666 3497 4997 -5478 -2240 2830 2191 757 6439 4249 -3414 2723 4769 9069 4852 1337 2467 -8762 -8798 7951 5913 -6998 -5701 4661 7502 -4955 69 7808 169 7977 5740 -696 -5227 -8907 5855 -6140 8716 2028 4128 9792 6677 -4702 3503 3741 1543 9773 3190 -7647 -1005 3520 4488 784 6034 -9777 -579 2870 4314 6160 -1160 2568 2697 1064 -2809 5383 -6342 2831 -719 -5111 7506 7994 5533 7498 9514 -9823 4637 -4455 5810 -4300 -6387 -4590 742 4636 3193 372 7870 -940 -1386 5408 4253 -1573 -9778 8381 -3705 6363 4520 2820 530 9961 439 5500 855 -2790 8115 4219 -5585 3414 3978 -3107 6633 7774 2580 -7494 -207 7913 8865 -1112 -3089 -3039 -4258 -5728 -4129 7364 3094 6868 -1019 1957 6314 -6711 7983 403 193 -8724 5418 5565 -1178 -598 -2592 -4492 9511 -6491 -7079 5209 -8978 3149 -9779 5965 -5068 4334 9688 2319 -2270 -7251 4115 2706 -5259 6314 -8725 7888 6678 -6820 4589 7507 -710 -3379 -1739 1263 1852 -2108 -2414 -671 -5091 1089 664 3674 14 -4877 6516 7497 5303 8702 9810 4287 636 8708 1210 1801 9601 2273 -2947 9765 -8599 -9722 -9182 -4497 9172 3683 4242 1721 4366 85 3044 -4034 6936 3987 4411 3922 -549 281 1940 5294 7978 -2250 8027 334 7637 -125 4464 3324 1544 3439 -3220 -43 2083 4580 5104 8371 1008 8537 -6751 3584 1448 -6147 8947 9470 8940 7525 -2427 7009 8972 690 4698 9314 -760 -6899 7800 4056 5271 6239 1830 -5787 773 4009 1958 -8789 -5842 6084 -697 -8404 -4326 -1126 -5786 2452 7542 6353 7635 -1220 -6530 2687 9483 496 3112 -6943 3055 -7425 -1727 1665 -5890 9649 -4966 -2802 298 2087 -1409 -6395 -8409 6216 5628 7488 -662 -8223 -4541 981 5083 -3861 -8788 3728 -1764 8073 -2747 -5145 3516 4834 6677 -9985 -7233 9728 9173 2203 3495 -6462 4884 -3527 -8163 901 -7145 4223 -8485 883 -2456 -3578 -1232 -2540 6172 5739 -2964 4108 -3469 5575 -9234 4699 3600 8118 9057 9404 -3104 1200 -8446 -4741 640 -6442 4838 2530 9263 1017 -5660 7032 -5716 3503 6307 6284 8046 4826 3381 3266 2203 9783 1336 6428 1497 173 5319 8575 4511 -6886 7142 2385 -3890 2757 7856 3450 -6809 -8180 -7703 901 -4209 7436 -436 1641 1324 6843 3853 4731 7518 -7172 5668 6511 4932 -2779 1454 2913 -7991 7349 9596 4452 9674 463 -1601 -2348 5919 -5570 1219 6221 8929 -944 -4838 9284 6364 2334 -5622 6878 9160 9901 5771 2036 3926 -4355 766 3455 -654 -3314 -9335 -9401 9230 -2735 678 2303 -9111 2756 -7690 -7650 2399 8919 -2580 -5017 8930 884 -2007 -6120 4177 8245 -625 -5772 5989 -6776 4400 6372 7509 2121 -9822 5480 -6548 -9174 7728 -1949 5227 8918 2900 7747 4296 -3645 25 7652 8544 -9780 7990 9275 1624 -5250 -5898 4493 9552 8057 9178 3497 2482 3248 394 1120 1751 -8383 7238 5357 -8262 371 9964 -6363 9353 -4123 -2379 -3082 -6919 -8448 8310 6252 2624 880 -4448 881 7922 -7947 7195 8479 9808 6156 -1300 9206 6647 5533 456 7175 9655 4022 -4291 -8969 -7235 1176 -2303 3134 4415 -7535 -9606 3934 -6551 2287 -4487 -87 7516 -9322 1170 6177 6284 4991 244 -3934 -8493 -1453 -9288 4351 7012 2844 8258 -6719 9199 -9738 -5409 930 -6503 2436 5125 -2485 8918 2795 404 -4042 5941 -1071 897 1050 -4909 2622 9938 4167 9474 5345 5131 9296 2847 2253 -314 -3903 3182 1532 3843 6332 6606 147 3585 5140 4154 -9815 473 -3333 2278 8730 2961 9927 -8686 2379 -6198 1280 901 1503 8979 -9702 -8207 2417 -783 -4158 3494 6733 6598 4755 -9196 8892 -8003 353 4836 5547 9579 8026 6922 -8623 8351 1846 6746 9379 6317 784 2346 1984 2005 -1409 -6352 -1734 4361 -4793 2360 1146 -6195 -3634 2649 -8442 8224 5557 -9981 3075 -2035 9905 -3597 -4316 -2478 -1399 4682 6628 -6616 -5975 -5431 -9310 3642 6382 3485 6686 6099 4986 9308 8733 -568 8782 2676 8286 7828 714 8677 7991 -5968 -8098 -4908 8209 -2451 1780 4654 5702 -1723 2630 970 5849 5176 -3134 7665 8328 -6576 6321 3365 2489 8803 -9733 5862 -836 2075 3063 -4382 4001 -6554 5567 418 -8 2476 8478 -1938 2735 7394 6355 60 1919 -1735 8418 -6052 6753 1712 7904 8371 9124 6399 7766 1804 2314 5127 -4611 6938 9480 3669 5869 1395 3406 -7099 -5237 2457 7395 -4119 9351 6740 7278 -1411 -8132 575 7022 6588 6124 6590 -3247 4075 -1315 -5001 -6467 -4948 7200 8561 -4633 8524 8321 -2534 -4423 -9311 9262 -2233 1746 2070 3918 -2849 8349 6203 564 3262 5814 119 1964 -555 2853 9091 -9004 -6780 8710 -4890 -8079 3012 7694 -5211 6136 6692 1338 -6084 -543 767 9743 -7669 2259 -573 5456 -3595 5360 -3197 -7980 -4548 -9039 7144 9129 -3678 -3103 4147 5381 -1590 -7342 8608 8706 -9568 2047 9277 3330 -6300 6142 2745 8828 -4942 1947 4776 -1982 6047 8531 -5358 9015 3459 8769 2167 8717 4466 2988 -1206 4713 4825 -7394 6145 5968 857 9004 3891 2218 1237 1163 -3084 2949 5816 5840 -9910 5328 448 -4336 -4255 942 6959 -3484 9043 -357 6689 -4762 2479 -9482 -5805 7475 9111 1527 6604 -7231 9403 8129 9198 -9369 7315 9598 3403 7014 4227 -6335 5052 7904 7691 4800 8531 7311 -2361 5373 -8130 877 6624 -2685 5913 -8067 8351 1250 9289 8644 -742 4510 7631 -8284 9417 3709 554 4070 7219 -8284 8611 -4351 1829 -362 -6913 -254 -4606 9085 7664 -4387 3182 5706 -4839 1993 -8688 6269 7705 5337 -7299 2808 6863 5102 9986 -4784 3712 -6887 502 1708 4525 8479 5056 1588 6445 4451 -3703 112 -2480 -3112 -1558 1192 303 3242 1750 7227 8652 566 1530 8626 1237 -2796 -1414 7663 280 6359 1908 9266 -6710 -4096 -7457 5814 9185 1973 -693 846 -4753 7950 8709 1140 -8545 4063 -7209 -4822 5835 3456 2398 1557 -6730 -4455 -6286 431 1101 8286 -6151 956 8004 8385 8348 -208 3202 9633 4014 -9341 -7957 9245 -1253 5281 214 -3244 4071 -4296 1377 8366 5886 -6066 -3317 5767 123 8074 1059 -2322 9152 6826 -2248 6809 7506 9472 -4864 766 -7490 916 4687 8138 5027 -5048 6766 557 -6051 -6361 9610 -6775 -5352 7077 6241 -2044 5753 5616 1801 -8487 -3200 3994 1982 5882 -4091 8490 -6490 1893 3668 4215 7892 3639 1377 7321 5165 -2164 -419 9410 2866 -1513 9692 -2814 -6345 -181 -5836 1001 -1734 9530 6053 8447 -4815 -661 7848 -7636 6442 -9829 229 3393 -9509 8746 9050 -1228 -5465 6052 9767 3814 6188 9816 4546 -6908 -7679 -8200 -1536 6641 5167 -7467 6211 6078 -532 -3193 -7706 -5958 2560 9009 5383 -9173 4809 2048 8965 8469 5153 9426 5710 3039 -9790 8698 5396 3546 -2586 6141 -627 -2109 2685 2861 -3925 7938 9423 -1520 -6102 -4610 4027 -5544 120 8457 2723 1754 -990 944 9099 7483 -7293 4259 4941 4005 -3574 -8013 3001 -9181 2645 7985 3313 -876 4680 136 6705 -8960 -4117 -2869 1154 1179 6568 -3407 3826 -4847 1303 -2918 -2570 1077 6693 3186 989 9552 -7522 6322 1452 5562 -8850 -8667 3714 -9146 7424 -1791 8015 9401 6239 1341 6891 -4491 5472 5246 470 4944 -856 1994 9282 -666 -5361 7777 7483 1320 842 3106 4633 3224 -9489 7029 356 -9279 7740 6862 3491 -4804 2142 4386 9758 4424 -8367 9412 6205 -4183 -2183 5652 4262 4831 -6202 1180 1377 9625 -8565 4222 794 -1079 -8333 -4318 5283 1309 -791 2163 -1890 9214 844 -9944 7457 6820 -5735 5422 -1845 6768 8070 -5795 -1745 1897 4065 9748 2133 -6205 1512 6279 7873 6069 -6298 135 -9071 8322 -1226 1571 2298 6586 9687 -4476 8531 6955 8987 -1169 8490 466 -9808 -2930 9663 8177 -7525 3859 -6453 8344 15 -9037 5658 746 -1382 -1502 231 5738 3649 1075 -3156 -5279 1156 2661 2819 3747 4903 2459 -2012 -6283 -6199 5424 832 -7548 3065 9951 8953 7981 6524 -8797 3804 3256 7486 346 1077 -5049 5494 5864 3791 2965 -3113 3077 9223 4332 3857 6168 6752 8526 6218 5892 7660 -5650 -3571 1636 6004 4218 9674 -4418 -510 6800 -2958 3107 3470 -7183 -1583 -8063 -6172 4553 7384 -7105 -1869 -5740 9697 -1517 1065 5653 2363 5890 2550 -6600 -7225 -5534 1611 4218 6276 5618 4803 767 3672 5785 -1680 918 3434 954 2038 1196 4374 4818 7895 7137 2516 4474 6269 -1817 -9683 5758 2277 -7563 -5642 -1695 7151 -8023 -2857 746 -4033 -7080 -1716 3867 30 -9005 5445 -3233 3596 -4511 392 -9076 -2333 2303 2095 7021 -2011 -3756 7812 3869 -4387 -8634 9794 8632 4821 5864 1506 5992 -4195 9030 2423 -4576 1228 318 -5956 -7961 -8140 -2331 618 -4559 6262 1730 -6441 -2686 7096 8004 8844 -5031 1991 1269 614 446 -7981 9925 4818 5117 5985 9927 -5648 4139 5406 -4419 6880 7557 5877 7896 212 7404 2197 -8951 -2889 252 3072 -2377 -3869 -3621 -1895 6760 7490 8725 4221 -2016 6041 4784 8905 6332 8881 -667 7841 -1751 1718 -4220 3413 3466 5295 6427 -968 5028 -19 6325 4625 -1796 1397 6536 7665 3104 -3660 4074 9382 132 809 -6350 -7160 -9865 3347 7182 -2082 3634 2519 -4875 9536 -645 7461 2425 -3339 3677 196 -7005 4641 -5614 6295 8117 3931 2936 2998 7714 7948 -7887 4157 -3330 5028 3802 269 4737 -911 3976 6384 6663 6000 7844 8488 -3690 4995 -2923 5125 8806 5417 7534 -5571 -1675 4780 4767 9902 2556 -2106 7057 5957 9188 4481 2261 520 837 -5831 2701 2799 40 -3264 899 -6237 1223 3856 2174 -105 2922 4550 -6350 7328 -2085 6636 6717 2399 -9172 2643 985 3527 9382 1567 8274 3995 8417 7457 5772 3031 99 4800 2339 -5731 5019 2660 8333 9292 -5727 1426 4689 -7354 -6123 -29 1752 829 4886 1904 6065 9814 -7088 -7088 818 -5292 -8317 2704 3218 7190 5947 2314 2438 1709 2009 -4548 2327 237 -7914 -5913 4783 7436 9002 7183 -1275 2638 3750 7080 1332 4590 4559 2494 5656 8458 1135 4460 -7733 -1174 3113 -31 5966 3768 9780 -8061 -1793 -5532 3945 -6475 1836 -5329 382 -1046 3841 5928 2734 2420 9708 573 8115 -1677 -3442 8419 6314 8068 904 3278 -5342 1559 -7623 -7215 3445 1214 -7981 4798 2580 7083 5842 4488 -2551 2462 8109 7979 -2221 4790 7024 2357 3797 -6859 8597 -8952 288 8277 4771 442 7478 2936 801 1194 452 -3944 146 1181 3110 7879 -9696 3961 5022 8272 -7160 8194 -3776 2382 3123 -9758 639 3208 -2161 -6887 2429 8056 2674 4267 -5332 8567 3410 366 8969 -2843 7403 -7824 8460 986 6501 -6970 4796 -4291 8120 6244 -3254 -8102 2649 4929 2294 -5867 2530 9897 5802 2689 913 3389 6842 4257 -8396 9492 7468 9393 -8218 4972 3172 1287 4529 7770 4224 4790 2275 -1924 8018 5156 -7760 9142 4398 7502 -3933 -4206 -4391 3885 -9914 1408 -2113 352 6535 -4583 -8457 965 -5466 -3600 -797 -3558 5733 -1835 -6494 1201 -7375 -1622 964 6034 4250 2051 -356 -2158 5280 -6764 -97 807 -1323 8112 519 -5303 4079 9541 9979 2542 7270 171 9768 5605 -9167 2203 -5928 7252 7810 6146 -6833 7303 -531 7033 4574 6895 -7406 -2706 -9396 -3299 2838 1062 670 -7095 -4755 8968 -6847 4656 5270 8966 -3421 4924 2926 8000 7021 -4119 8959 9703 4573 267 1115 1993 6583 -6418 -9417 3853 -2322 4743 7487 9727 6198 6523 105 -6944 4100 5085 -7524 5335 5885 -7037 8215 -9217 1824 -6863 7780 -5975 -2591 -1292 9801 9533 -6525 -1273 3852 9233 -8360 -6116 9316 8189 1449 3687 3797 5365 -3238 1242 5971 -9097 -7549 -8701 -8056 2216 -5280 -5147 -5823 -7893 9466 8659 2321 1809 -1758 755 5984 3460 -2379 6012 -92 9009 8719 -2125 9649 3970 -2676 4535 7731 -2714 473 454 -5479 1068 7154 451 -6387 4776 5772 1803 -7998 5614 9482 -6750 7571 9938 4011 -5580 6465 -9507 3727 4101 1574 -6298 -6857 3845 -4954 6607 685 4883 3898 -7379 7371 9557 684 -9611 -1177 6683 3668 -2255 3240 -7537 -7717 4786 -735 -8816 4489 4699 1309 -7852 4397 9641 2253 -9405 1462 8603 8839 3974 -3518 6035 9507 9965 2122 8013 -8920 7582 4406 9970 4625 3658 2112 2946 1636 8584 6758 -486 1626 -1338 5114 -8259 -6295 586 -4142 8438 2087 7011 7592 7308 -7955 5461 -2668 2054 6397 9122 4902 8781 -5379 -2975 1001 -444 6744 8367 8490 4642 3724 -2234 6049 1764 8760 6114 424 5936 4261 -7481 2480 9430 6458 4638 -5628 -2469 460 6822 8991 32 -551 3569 1041 7857 9495 1643 4340 2277 -9947 6823 -8352 6005 5073 5320 3571 3971 2578 -6176 8125 1078 -9369 672 5951 -5584 -3101 3630 -2776 264 4619 4069 -2016 3390 -6660 370 3597 3481 6328 -7752 9262 -9255 6820 -3815 4677 8523 1822 8565 1711 589 2599 5312 -4565 -1319 4025 4250 2406 6728 -7468 9901 6780 2518 -4251 4597 4116 6490 7224 5068 594 4839 5458 63 -3672 -9247 569 4362 806 8109 120 2098 7892 -3108 -1468 9063 5642 -8839 -4069 -2199 7850 -9959 -3829 -6848 3357 770 7662 -9871 3614 2827 -2233 8223 -6869 2210 8121 -9757 -6933 -4389 6192 -6475 7272 4105 -2271 2644 8033 -2045 9518 -297 9487 8403 6916 4655 -31 6768 1359 -5773 2646 -4643 4932 2960 -3837 -4309 7431 819 -8193 5602 9540 2194 -379 6873 4362 2527 4681 4083 -5536 4735 -3126 4884 -5809 -8552 -7084 -2346 6568 8351 -4581 843 8948 8109 1619 6478 -312 9764 2414 -5074 1430 -4382 9937 7294 1268 4529 1946 6949 901 7759 8327 -2912 5449 4235 8402 7165 -4012 502 9353 -1530 5598 -8627 2511 595 -1711 8090 3669 9756 3677 8060 4377 2989 -8928 -3416 2366 -1058 2085 -6586 -6339 -165 7694 9168 9257 1559 5071 7169 8079 9995 -4728 7443 -515 -7215 9265 -9354 3139 5811 -8852 4353 7138 -3198 7688 3813 1603 4929 8298 5582 1951 3570 8755 54 3520 -4884 3001 -1558 -6227 3425 6202 -1837 2125 -6294 -215 -1392 -6830 -5539 8964 9636 -3617 5933 4834 8915 3326 -6053 1735 -8412 5734 6440 7661 9195 4951 -1153 -1405 -8555 6386 -2719 -3057 3358 6130 -8069 9458 -1725 2264 -2218 8155 -6573 7225 -8099 671 -5810 3299 -9355 2319 -4897 -5359 6314 523 1085 8363 -5949 5795 701 1325 -3806 6533 131 301 7266 -5434 -2148 -7285 5608 -9738 2754 1075 5696 2303 -2046 -6276 -6704 6547 4797 -9558 1626 6383 5784 -5472 -2555 242 4388 6169 344 8639 3179 -9321 -9881 -8875 -4873 8898 -4502 2430 1106 4913 3111 1127 -8630 9741 -5768 2442 3293 9908 9788 7 450 -2237 5265 7395 3648 1110 -8542 6416 611 8303 5614 -7483 4665 4237 -9409 1270 4229 4810 332 -6943 6669 3976 2447 4539 7627 1595 6822 -4305 7547 -8098 -3866 -6813 5033 -8667 7063 -1503 5819 1099 -6950 2402 636 1053 -4154 1102 -4980 9734 -725 9098 1404 -2202 5530 3276 1342 692 -2170 6105 8171 1343 2516 5103 3803 8499 -4618 -1364 7517 -5567 9431 5473 -5376 -1222 338 1431 4484 1911 7377 7733 4007 6786 4906 -5725 -2796 6548 2291 -5156 -343 -7371 4783 -1347 -3733 9505 2429 4447 -4547 7218 -461 -4034 -6391 -7641 5839 8507 -1332 -9022 -6836 6462 5785 2757 4281 7887 9515 439 9126 -5391 8291 6357 7987 -1391 -2898 6513 1860 302 -1097 8018 -1341 -6365 2087 2989 3434 8888 3570 -6933 -1185 3032 -8737 4896 3598 399 9336 2232 -6479 4768 7558 -1936 8296 4873 -7146 -5579 129 3493 -9235 -1620 4665 9687 3673 -6834 -3751 9796 -1517 4457 3634 1677 2214 190 6945 -3367 -3151 91 9165 2895 -3853 4067 4567 -9991 7752 -5896 4855 3245 -5907 492 9276 110 9926 2400 2136 4084 7181 5750 3091 8911 2344 -4387 3458 6426 4303 -4375 1856 7084 -7923 -3028 5857 9284 5262 6943 1851 -2432 1739 3551 -6608 6720 -7974 5568 8816 -2689 -4292 8954 2828 -5343 3269 9680 -297 2551 9 -9391 -7159 8607 9363 7120 7904 7074 6605 4501 -5343 759 -4287 -5890 2549 -8778 6702 254 -6437 -1149 -4113 -7214 9157 -5290 1394 7351 712 6428 8548 -1741 2917 5813 -845 4557 -6006 6317 5054 -3213 7819 -1049 9372 7028 7589 -7242 6853 469 1659 466 3428 3022 1807 631 -2870 2149 3426 -2058 3756 5040 -4699 9638 2342 -2399 -8548 9743 8967 3567 2104 8714 -201 8899 4061 -8583 -3278 1318 -8061 607 3221 -6563 8030 5901 148 8850 -5825 462 8426 2889 -2474 2461 7252 3730 -5815 -6795 8423 1882 -1819 -4528 9409 5299 939 4495 6201 -2931 9936 4428 -250 4657 -3573 6179 -6966 9528 8002 -1832 7432 4801 3971 8815 7759 9927 -9296 -7039 3590 6690 4226 -1316 -3087 2134 5977 -655 2176 3937 5831 -8477 7734 2362 3835 -7653 1095 7825 9369 -8671 1063 -5701 5850 -2606 2891 -6330 1451 3389 4288 -7292 6230 8785 1444 4804 -6829 -5425 -5358 7089 8561 311 8395 1251 3605 109 -2549 -8175 -4504 7183 3568 8919 5461 445 -7627 3104 -8308 -8717 -3293 7627 7844 5870 7296 -9172 2082 8826 8341 8204 4245 6778 6182 -9137 -5455 2270 9978 -6725 8712 -9293 6639 -8885 5896 5449 -8691 1275 -3379 6964 9014 -5129 6110 -5374 8374 6066 -4693 4171 5979 1130 4003 8269 2388 6708 8676 6406 1929 -3236 -11 5205 1787 6550 7707 -8890 7013 6638 9835 4788 6608 -146 7324 2972 -244 7292 6976 9721 -5924 6322 226 8394 6310 412 3174 524 7774 -5065 -9382 5429 7482 -960 7374 -4299 -186 8006 6912 9811 4667 1523 5423 7623 3798 451 2882 -3883 758 -5900 7682 -2508 1898 9361 149 3110 -471 3736 7760 2327 -5125 5815 816 9450 5621 -1865 -6627 -2249 8124 8414 -4016 4168 8314 2539 341 8710 9803 5631 6381 -4351 2587 7461 3826 8818 4556 1301 911 4139 3373 6377 2623 259 1769 -4122 -3128 -2308 -6847 6008 1636 -3701 -5292 4765 -471 6507 6660 9717 9049 2786 8024 -1124 7540 -9025 -4280 -7217 3094 -2108 -6998 5668 7934 4551 -6137 4955 -5322 -8161 7887 -7733 -2717 1969 3948 -3991 1181 5428 5130 -7807 5428 8737 6624 7829 -3590 8527 6352 7981 3017 -8223 214 5085 471 654 -3767 -9744 1896 759 4329 -2623 7813 474 8488 -5391 9484 626 7985 -2173 7304 -6215 2366 264 -6596 4939 -2847 9922 9791 5903 8851 -861 -5985 -9111 8278 4583 -5189 7730 9993 -3974 1175 8591 7554 4682 9987 7780 2956
3700 1567 4228
3477 920 4983
80 52 2313
3308 1514 2620
825 209 4488
59 9 1915
3152 1852 3723
537 53 997
1273 471 2976
3950 1684 4246
451 239 4575
770 152 4553
4585 4483 4584
1427 969 2088
3957 2741 3511
2375 2335 3158
4843 4778 4949
3307 1824 1922
1601 678 4902
3846 623 1620
652 285 1563
2572 2403 2416
4845 1227 2355
810 763 1710
2679 2237 3863
4257 2382 3672
3427 513 4542
2521 1049 1432
1891 782 4632
1615 1458 2882
2173 1837 3471
3616 1604 2099
2124 2113 4568
73 47 4342
4825 647 3854
4501 2644 3037
3215 287 3216
2766 1903 1955
42 19 142
2668 631 4225
945 861 4068
322 135 4700
4273 4151 4968
2382 869 1259
4724 4115 4705
2959 710 1560
4460 2289 3387
4070 2396 4428
95 27 2349
1839 372 3202
1795 894 4191
1968 1288 3200
1280 1184 3674
4576 3893 4207
2665 116 2030
3225 1939 4249
1865 1458 1746
2011 1411 2582
2535 2318 4209
1679 1145 4401
3354 53 2279
3787 3515 4392
243 184 2741
1197 611 4896
1721 1540 1902
1639 831 4453
1803 1482 4515
427 234 1721
1628 1012 1871
2744 1707 4192
4145 3356 3909
1777 1586 3073
959 424 2567
2317 731 772
3231 2762 2870
3425 1271 3917
857 535 4302
1338 235 1451
3937 2977 3126
3748 1940 3569
3961 1982 2022
18 14 3946
1591 1399 2308
4959 441 2569
1048 365 4244
1170 947 3218
1255 405 1174
1814 1528 4453
1210 130 4825
1977 583 859
3499 1460 1676
2775 1943 2118
1297 733 2322
2955 91 1850
3002 1668 4815
4101 2801 2940
3300 793 2751
2401 790 1488
1831 616 3329
4568 236 1009
3357 682 3211
3693 3123 3752
3704 2733 4648
702 163 3022
2001 261 3439
2185 562 2724
4676 1720 1809
1684 353 3840
3192 2455 4741
2194 474 658
1083 78 705
1525 403 602
2184 2142 2236
1003 808 4931
644 511 1738
802 625 735
3998 1331 2239
2839 1061 2197
2786 1803 4984
1399 48 785
655 263 2595
1756 1001 2057
2476 2192 3565
4113 1668 3451
2324 1717 3451
3758 3022 3222
221 119 2004
11 2 1149
529 191 1697
4957 12 3009
4214 2425 4690
305 166 1385
3274 925 2100
3175 2160 4225
711 317 4314
4233 2217 2703
4573 2353 4191
464 108 2478
2235 1875 2055
4431 2869 2884
4245 2796 3834
4110 986 4569
552 127 4302
2104 1165 2230
4770 1715 2231
543 424 588
2930 782 1507
4575 4235 4605
4669 3044 3879
3701 3665 4788
1717 793 4691
723 487 2538
2474 1526 3260
2149 876 4806
3861 124 989
4933 3559 3786
473 130 3922
2055 1249 4296
4687 2364 2921
3899 1487 2823
997 638 4431
1548 184 3755
4504 3413 3880
4490 2908 3330
3329 85 1492
4434 2250 4082
685 487 1645
3008 1441 3613
3216 727 4969
4897 2000 4588
2481 2236 3222
212 141 4733
3552 1537 4658
4403 3936 4023
4869 536 2676
2423 263 2670
2607 662 1386
3351 204 972
581 501 1195
316 111 2981
4904 3055 3295
118 67 599
2624 26 3804
3950 2240 4446
2597 490 915
4721 1161 4308
2959 1036 3313
2783 2046 2147
2599 1423 2542
2094 768 3562
1517 288 2121
3217 2977 4575
93 72 380
298 291 689
2376 807 4576
3303 945 1129
3865 162 2656
4746 4564 4820
1657 1533 4822
1462 1084 3987
3112 2948 3352
1385 867 3355
4196 3708 3979
3744 1193 2634
4431 1566 2397
3829 2486 4435
3008 2319 2398
927 222 4206
935 614 1524
1318 172 1731
1037 867 1494
1349 500 997
2371 944 3088
3078 557 2851
123 22 112
3398 2936 3814
328 236 4333
2518 742 4109
456 352 2613
388 357 4616
759 381 2451
3085 282 2099
582 275 330
1047 191 3986
3424 3193 4020
2792 1638 3809
1103 151 4625
3572 2695 2784
4945 1378 4249
526 258 2799
4481 1437 3985
1273 556 3812
2287 1939 4201
1717 967 1652
1012 103 3848
4602 1089 3967
2668 541 4552
3216 2356 3917
3526 226 1883
883 679 1398
1604 46 4443
4431 235 2190
3007 1635 4974
3759 506 2548
3412 888 4503
3442 1620 2069
2245 105 4371
1500 1060 2212
78 1 3601
3433 958 2851
3305 1810 4998
452 249 2949
2960 2171 4742
2761 2280 3045
4549 1939 2200
4452 581 2978
1613 103 1219
2134 187 2168
938 200 4230
2969 897 3504
3753 499 4116
473 241 2004
4403 4384 4436
1477 419 4818
1114 373 4080
2975 2389 2462
717 360 413
2951 2557 4450
597 137 2036
2179 936 3987
3579 2861 4347
2754 1315 2212
484 79 1876
3425 1075 1275
1685 1029 3681
29 27 580
4194 516 2851
479 36 2620
384 366 4399
3986 2402 2473
2421 947 2973
3993 3815 4020
505 364 1633
2621 2395 4942
397 168 3567
2436 1652 2346
487 201 4215
218 9 3866
2411 1814 3522
3002 439 4476
2665 1396 4497
152 99 3055
934 728 3683
4415 632 3553
3423 1035 1589
422 308 4856
2036 1914 3378
333 283 3441
4616 2666 4896
480 155 3576
103 50 2033
4769 2560 4748
2229 1425 2764
4320 111 3754
3114 1941 4234
4350 3116 3557
1706 972 2842
4375 186 4037
1890 1453 3897
1930 532 1229
3481 2058 3956
1667 1148 1766
2775 2560 4333
14 7 3116
2356 1724 2407
198 161 1012
975 700 3742
2878 179 1971
4771 3604 3812
418 235 3565
523 132 2509
1399 261 3856
3197 1302 1466
3202 1957 3097
4478 3022 3477
4501 2688 2827
990 188 2913
3684 2993 4483
1564 304 1406
1948 1629 2997
3963 1979 3407
417 22 407
4724 4373 4816
466 74 1792
3314 2855 3018
1381 31 877
4017 232 4056
630 541 2122
596 8 235
4450 4343 4628
1827 1626 3321
4855 3583 4828
1552 693 1715
4692 494 2743
1992 128 2793
4456 4420 4792
3632 2076 4165
1848 434 2213
629 450 3264
3800 1702 3102
4076 877 4844
4681 1728 2207
663 434 1277
2920 1842 1992
3303 2220 2455
2641 2016 4115
433 224 3310
4022 3596 3987
2091 1492 2631
2555 707 1031
3713 941 2881
4528 1799 3044
1767 544 3485
3802 2324 3835
2450 1633 3846
1026 495 4910
2261 1381 3762
3819 1441 4428
387 334 4371
1206 4 2008
2079 242 3763
4832 2965 3523
672 315 803
2501 1801 4166
3660 3022 3281
3844 463 4484
4804 1527 4457
4228 3665 4274
4906 4903 4907
2876 689 1734
4232 1915 2256
4401 2835 3496
4417 351 2498
4940 318 1485
243 156 4834
3628 1313 4683
2735 1929 3029
4349 2277 3580
1138 515 2369
1546 1098 1851
3127 1002 2347
4594 2888 2973
1825 1740 2838
1586 563 4552
2679 324 2437
3905 3163 3823
2641 497 1913
3443 696 2116
538 37 4030
1607 905 2072
1912 269 1280
827 98 4414
889 291 1672
4119 312 735
3019 2686 3592
1248 279 1691
4002 3041 3174
1083 539 3997
3072 1035 2279
1225 698 4555
4769 2318 2918
1584 1234 1507
2422 2080 3217
3051 1300 2784
4763 1440 3989
95 57 414
1732 996 2394
2408 254 1371
1471 665 4116
1411 1379 2584
1476 1402 2496
2090 1395 4719
4198 3195 4876
2327 266 1715
1711 1208 4825
1380 118 3393
2944 577 1856
4042 1703 2810
3117 2607 3657
3410 701 701
3823 1267 1595
323 209 317
2384 1075 3323
895 46 403
2678 1765 3431
752 235 530
11 4 1913
2162 1615 4494
1934 1487 1722
3750 3528 3912
187 4 524
2365 79 3922
1868 1719 1962
2468 1662 3142
3569 3095 3623
4933 4460 4925
1653 1255 4592
3166 316 4472
527 396 1826
207 112 2981
1319 517 835
339 168 4609
3004 2186 3125
4864 2710 4612
4597 1795 2335
2560 1770 2996
1485 1235 3155
2019 1121 1144
3203 824 2307
3153 311 1274
2982 2903 4136
1512 1185 3019
4065 1085 1116
4376 1540 3130
3341 2516 4423
3636 91 4235
2364 1507 4545
3185 538 614
962 395 1976
1278 1223 3754
2881 2121 4389
2310 293 704
3281 1802 2266
2662 926 4621
4272 3934 4940
3032 2465 4365
3873 3144 4480
3448 1141 2695
2626 968 2178
1935 1909 3504
1579 886 4809
582 578 1075
2928 2353 2997
4326 524 4096
3287 2663 4652
759 468 3334
4301 2159 4185
397 319 981
2417 1513 4520
3563 1080 2902
1987 978 3681
3374 2899 4548
2883 77 1009
4578 124 1314
1891 980 3939
4105 3852 4055
3911 1708 2151
2322 54 788
3872 1398 4222
876 577 3496
3259 3085 4775
1604 561 3955
1868 183 3218
37 21 3963
2419 1971 3012
990 849 2996
2429 535 674
608 550 2149
1678 770 2305
4616 3009 3264
5 1 684
775 464 2523
3859 2220 3282
3537 1124 2358
1429 225 3556
1231 168 4454
997 276 1630
2732 1708 2056
3183 438 3901
4768 332 4533
3753 2490 4568
773 142 3225
552 186 4504
974 506 4443
4320 1198 4050
1128 741 1259
1854 251 3303
1761 1686 3883
4521 1076 3725
358 260 4921
3795 350 3727
795 497 3321
257 202 2646
1751 1426 2987
1667 26 1341
2421 165 998
1356 228 4259
4546 2364 2547
304 64 4101
1657 1393 3278
518 240 3896
4595 2526 3494
1015 787 3525
3635 600 3975
993 980 3609
868 235 1666
843 231 1459
1914 1384 2570
1813 304 1410
74 33 749
4169 2557 4172
1497 961 4643
2832 281 1441
3724 2648 3168
2851 810 1466
4532 963 4227
4896 3697 4798
795 63 736
3989 1772 4903
3055 408 1330
4294 1880 1882
555 33 2912
2634 2606 4531
3083 713 3753
4059 618 4525
4526 1182 2867
4607 4362 4717
4305 4266 4352
3167 185 4259
550 336 3352
408 113 3495
4610 3566 3891
455 246 846
3956 1743 3634
2396 1578 3136
4471 101 4981
2400 2197 4277
673 381 2187
3907 418 3934
1212 649 4122
364 24 4020
1883 576 2671
2267 419 877
2993 883 4526
4138 494 1303
4902 970 3207
1170 1017 2531
133 113 330
3936 1645 1794
4272 1624 4492
4195 3148 4271
1647 535 951
1238 1022 3331
2898 1852 4389
2412 1357 1800
191 137 1535
760 120 4047
3725 87 3118
4742 2405 2536
626 238 1533
4630 1967 4879
810 585 2737
1478 203 1240
2090 1690 4421
2951 1984 3068
106 99 3075
2079 746 2755
4919 1722 4797
648 379 3291
3174 1067 2728
60 58 2139
4372 215 1205
1641 810 3557
485 181 415
3896 328 1740
3716 1889 2997
4846 2392 2471
4808 4510 4790
2381 23 2524
2852 1143 4147
3197 516 4460
1258 497 2446
1386 721 1212
2113 667 3299
394 196 1591
934 584 3704
2981 1177 3184
2292 316 4520
2593 1260 4280
4976 596 2958
3715 2285 3567
1143 452 1291
1718 551 1279
4621 756 4739
4237 2132 3819
2573 875 4923
3381 2844 4702
92 21 4147
2624 745 3842
1624 1048 1384
1619 593 4316
4018 1325 3339
1842 1784 4299
3081 1346 3505
1869 318 1579
4804 959 3619
1954 725 4980
1812 1066 2683
1890 1875 3145
920 321 2039
400 331 622
4880 1140 4877
3321 524 4506
756 374 3958
2002 46 4631
2451 1474 4883
3037 829 2215
4444 3025 3815
1259 807 2414
131 107 2294
4683 1904 2500
4980 165 703
4869 2055 3601
4715 145 2814
492 90 3122
1435 628 1550
1468 272 819
3972 2743 4340
390 297 3658
1992 1588 3898
3106 1882 4591
350 125 948
445 123 2606
233 60 2335
1442 522 3176
4996 1120 2959
698 694 1514
4149 3669 4928
4865 806 1295
4734 3717 4865
1029 579 851
4148 1025 1482
323 323 1941
2874 782 1805
3910 1566 4995
1782 1163 3829
3942 3907 4099
4776 2773 3370
3729 2710 3479
3410 671 4659
3950 659 3953
2735 2493 2908
3392 1780 4177
4845 1425 1553
4104 978 2077
1661 1624 2728
3006 2587 3285
3253 1049 4436
2727 814 4579
1817 747 2702
217 42 2399
4680 3312 3354
1908 39 4823
2345 1464 2121
2576 1419 2440
4041 1822 4388
4441 892 3198
3121 2763 3935
1934 1641 1797
4391 2798 3817
1578 1097 4396
875 122 4708
2781 381 4399
2618 1157 3815
3259 2960 4821
1318 80 1948
4928 1323 3825
1678 959 1317
400 216 726
4821 1347 2576
4702 1261 4250
2641 1860 4605
2724 1789 4116
4693 99 2268
3392 2401 2694
2926 1006 2593
1306 396 2433
2889 2335 4351
4577 4429 4743
447 2 1172
2315 305 4856
4454 3146 4029
3839 167 1996
3730 1839 3074
2822 1183 1711
3692 1480 3399
1731 1090 1584
2732 693 2717
4815 119 973
4914 681 4521
3771 3334 3886
4314 1389 4450
1065 151 3575
4509 2353 3035
2263 2241 3795
2584 1287 2891
3143 3141 4438
3867 3284 4118
4138 763 2291
3002 2768 2861
2983 2796 4082
3784 79 1889
3044 1048 4994
2542 408 3976
619 564 895
666 54 868
4664 2744 2778
2566 2287 4020
3613 2262 2288
2380 2265 4179
2961 195 737
376 34 3617
429 237 594
607 486 3176
991 197 2158
2106 401 2706
2644 110 2610
2039 1783 3221
3021 1631 1708
4053 3863 4069
2752 843 3814
4241 2878 2983
1481 115 163
535 287 3811
3617 1508 2088
2989 998 1568
4881 4139 4960
1493 75 4803
3987 1720 3897
556 389 4815
2849 1861 3012
3849 3635 4313
2338 389 3763
2711 2284 4868
3863 2735 4429
59 8 1829
3317 1122 2357
4652 3257 4349
2983 2025 3871
3272 1035 2850
2900 56 4913
1178 612 1625
4833 200 2290
4294 177 2581
167 133 4391
4793 604 1264
278 197 2867
617 209 1911
4201 1046 4013
4050 1552 4518
4215 506 1581
152 36 1740
4749 1298 3034
839 585 4993
308 236 875
3125 589 3341
925 543 1580
2645 150 2624
2073 2047 3729
901 795 4460
4683 492 844
3972 2980 3975
1264 713 2823
248 79 896
4986 3573 4105
693 54 2880
2427 1803 4937
4855 471 2801
3981 3935 4695
1435 1020 1237
1840 1669 4899
4448 1240 4341
4084 3603 3956
3283 239 239
3636 2276 3002
3013 1076 3268
4853 779 4627
2137 550 4742
4131 2724 4726
2738 1620 3393
655 605 4566
3449 1089 4461
1271 1006 3431
220 7 2528
1136 962 3668
678 50 2827
3322 1258 3495
4992 2507 3052
1036 973 1376
823 71 1979
4308 4176 4434
4821 2090 3683
1334 1027 4361
1462 1264 1740
451 386 1754
3287 838 4267
2014 1105 1372
411 184 3559
4684 1200 3659
1108 198 3560
173 146 1261
2368 605 1811
3491 1634 4589
3977 3454 3783
2110 1804 2232
2876 2736 2886
4287 278 2634
1196 524 1426
739 620 761
4750 2822 2908
4614 1542 1632
2338 1813 3300
1369 243 3785
683 230 839
2794 2323 4068
190 30 3155
2196 138 2422
1191 674 677
3109 135 4265
3042 578 1160
460 367 4313
1022 826 1066
900 317 1529
1429 176 1425
420 92 1733
3325 2931 2992
1132 1132 2838
856 134 2909
4259 1851 2582
2376 1643 1936
1314 556 2474
3950 653 1158
1298 613 1912
3200 3083 4742
1338 1050 3810
2819 1177 4205
520 118 3928
1430 1295 4262
1745 794 1769
851 101 1309
4851 2265 3212
1061 458 607
4114 3431 4345
4436 3150 3307
1355 369 966
2666 2148 3374
4908 1057 4097
278 190 4660
4966 1156 4463
4783 2921 4853
2770 2598 4575
4387 737 1052
3359 979 2344
584 259 4505
2492 741 3610
853 775 4011
3991 1696 4825
3039 917 2473
3851 1216 2763
686 586 4227
3623 2058 3482
3977 1550 2248
695 199 4128
76 60 1491
318 151 2143
4110 1695 2707
624 1 4281
4025 1140 1572
3448 1145 3738
635 577 1252
2790 987 3564
3411 104 4794
1261 24 1805
454 28 4192
425 143 4890
232 57 728
1189 768 3241
4555 3607 4630
608 119 3812
3368 1954 3047
4913 3554 4835
718 459 3626
168 149 928
4325 2677 2812
1070 16 3616
1948 134 4534
1461 1147 2234
4950 1451 4899
1805 1235 1945
877 644 2686
2851 2276 2976
2700 160 1605
754 185 3978
4058 2888 4059
1335 345 4322
607 541 1586
4631 2884 3039
1734 313 474
4589 4562 4900
2994 2134 4512
3936 772 1034
1556 908 2038
1561 1492 3712
4267 1637 4269
2422 936 4335
4154 2647 3697
4696 5 4997
3883 1460 2827
3974 641 2307
4224 896 4225
704 359 1884
1974 1624 3484
104 11 1643
1613 1345 2441
2176 362 3192
2864 1435 4687
623 573 4564
4617 169 3859
3444 765 2013
1612 724 1662
3646 2045 3797
99 17 3519
967 211 1535
1059 1052 2967
3080 1080 2716
2420 1243 2584
1983 1564 1596
4102 2949 3006
4159 1373 1683
1742 306 4466
2548 1077 2359
512 347 4650
837 780 1234
4141 3385 4692
1984 1730 2676
4493 3437 3860
820 136 4474
660 397 1793
600 47 276
4613 1991 2847
3273 3203 3848
2283 1106 4403
3618 3448 4414
3732 1558 4650
589 464 4826
2718 510 4499
1628 809 1222
647 349 3274
742 194 2078
2653 1292 4711
695 12 2365
1218 840 4174
1616 7 242
4206 3852 4049
2750 897 3774
3976 436 2855
1655 398 3201
4121 2768 2982
475 57 4442
4875 1461 1889
414 45 4048
991 405 4484
765 260 963
4629 1730 2859
370 262 2443
1324 1095 4427
631 525 3564
1814 1700 3457
4180 933 4635
1034 331 524
1986 985 4523
310 295 344
991 779 1557
1294 1176 3635
2655 506 3102
662 360 1913
4384 1146 3756
1801 1322 3471
3558 274 2409
3100 2231 3670
376 85 4168
136 66 3524
2246 1870 2103
4672 1461 3327
267 209 734
4486 1583 4949
4951 1010 2022
4669 2468 4824
4112 1798 3712
1460 853 4338
234 223 1978
3552 768 3337
2404 473 1579
260 128 3909
394 141 831
881 40 1264
338 280 800
3453 2048 3256
4333 3536 3949
4863 2931 3859
1076 613 2397
4956 3368 4933
1814 1540 2590
3990 995 2847
2779 576 2091
835 450 2536
172 98 4363
172 14 4622
3989 2663 4904
178 165 3526
4544 2076 2557
1110 249 4531
2716 2592 4035
1606 1246 4363
155 145 1636
3631 62 4402
1517 1319 2712
117 61 2071
4097 3574 4504
3922 1877 2602
1051 283 3157
716 140 2525
1468 43 236
3416 2536 3278
3169 2805 3076
4770 3878 4557
451 315 1324
1900 1173 1243
3923 3392 3613
4499 2355 4311
4843 2358 3057
1030 570 2164
4367 271 3076
316 118 3491
570 295 1445
204 128 1122
51 17 2127
2988 2378 4204
4185 705 1453
1278 1248 2960
2150 2150 3256
1343 905 3262
4967 1956 4874
2089 717 2106
2962 2842 4053
4092 3787 4524
462 356 2782
3588 2305 3199
3586 1295 1400
2257 1087 1625
2169 6 1936
2078 1369 2380
2697 1997 4757
495 478 1195
1591 1438 1978
2800 2148 2753
1597 1423 3886
2080 749 1631
3851 501 2043
4482 2748 3627
4821 4091 4574
4712 2772 4166
1534 674 4387
3303 2886 3527
3038 2845 4000
1309 701 1896
4670 3711 4766
1820 200 2434
3450 1602 1622
2392 1607 3220
3979 1653 4223
361 32 2318
2880 152 426
557 526 1456
2776 2444 3664
3851 2419 4114
577 272 3143
712 560 3314
1898 613 2497
1370 514 2144
2736 1291 1446
1811 470 1973
3378 44 4567
132 78 287
2568 2510 2612
3628 3608 4932
1111 445 2653
2967 2435 3587
4921 98 1632
3529 391 2762
1920 786 1992
1265 1198 4670
2629 2028 3090
2544 2448 4283
665 647 2215
29 2 4780
3297 1257 3788
138 25 3791
2370 1917 4641
3442 538 4585
3450 1605 2631
20 11 3885
1217 908 4446
4919 369 4794
3034 414 3474
3339 2860 3686
4683 3565 3574
2643 640 1040
1986 1369 2937
3257 2623 2866
4179 1291 3261
2485 2376 4434
2691 541 2873
3174 2720 2726
416 319 2904
1984 1553 2444
562 321 1020
4556 2021 4506
988 474 2344
3427 112 1926
400 313 756
1532 1365 2448
382 272 4975
3634 3337 3842
2480 1868 3143
3936 1947 2907
733 468 4218
3465 994 3478
3621 858 998
4921 1558 1704
2159 1102 3906
1080 1080 1434
761 646 2503
1064 303 1443
4613 4585 4731
3088 1365 2011
4827 1583 3393
2217 1525 4560
1548 1038 4311
1156 50 4630
650 462 3033
4208 1772 2930
4314 1538 4353
3660 1779 4240
1769 1064 1290
4058 3504 4671
3861 1812 4128
388 173 4788
2250 2012 2703
436 363 680
666 536 3160
2397 1857 2851
2160 1561 3558
3983 1054 4220
4204 1188 1735
3950 177 4462
4861 3028 4928
1317 1070 4801
3135 33 4397
286 265 2121
4042 3872 4734
210 179 3439
2573 1581 4856
539 59 2578
4228 3451 4730
1899 822 1222
1639 289 1013
4628 2945 4444
3081 491 4864
2193 1788 2977
2176 794 4690
3679 3000 4736
908 296 2069
4529 2036 4028
1849 665 2367
3692 231 498
60 42 3552
3869 2686 4192
505 244 1709
2218 1335 2282
2147 356 973
4605 4099 4569
4694 1642 2387
3219 1480 4428
1868 566 3469
4842 1631 4999
2444 2205 4832
3182 2923 3415
1077 736 4244
614 504 2701
726 154 937
4512 2628 2683
4476 313 3692
4543 3538 4943
251 66 1714
3532 2764 3842
2636 2204 4374
2848 1529 2855
2853 2219 4362
3025 944 4575
4614 2582 4542
2091 449 4629
3190 1600 1762
2466 436 2977
799 381 2197
37 31 590
224 41 647
2770 280 2822
1545 1254 4025
3403 408 4524
1915 1704 4387
577 74 2343
1291 1050 2514
2806 2604 3069
1987 1531 1923
2055 709 4044
2850 824 4976
3168 727 2849
1190 689 1325
4345 2092 2239
1894 594 1434
2265 1984 4764
4971 3831 3869
4485 1469 1655
1703 1532 3974
3226 3010 3464
1234 83 3991
3362 1502 3726
1513 691 4503
836 278 1493
3411 2417 2992
2500 1536 3034
192 122 4196
3734 2334 4711
2887 2601 4818
1154 871 3681
3570 626 1910
4008 887 4807
4292 720 3269
3262 513 4237
3378 2000 2509
200 129 1296
658 484 4241
2394 2124 4602
1861 555 4829
3750 1299 3276
114 3 517
2450 2178 4518
278 213 4204
1139 989 2969
3026 2933 3721
535 474 931
931 151 4841
536 466 2991
2482 1488 2389
2528 2163 4955
2547 2168 3063
3771 106 3336
2265 760 4780
1839 1212 3014
2383 1163 2495
956 301 1541
1409 1070 4688
3933 1584 2511
3615 2732 4808
4692 4359 4451
3317 2470 3044
4413 3288 4239
1985 19 2033
326 163 742
4048 1479 3181
1528 1138 1989
671 667 4274
4429 702 4750
2900 2213 2932
2944 2176 2848
4663 2027 4757
3170 2394 4896
913 681 1497
4523 1798 4951
3786 3753 4609
4431 231 1618
3344 1754 2137
103 20 1753
1595 1213 2752
1654 257 1973
4158 2737 3367
3007 2096 2875
3321 3219 4693
1014 897 2492
628 465 3133
1840 1139 4745
4661 2208 2585
2796 2113 3058
2881 1111 3051
826 311 4769
378 264 3077
4854 3722 3875
2313 346 1063
2444 42 813
4220 1953 3086
1688 1316 3638
431 154 4996
3416 468 3496
2775 2140 2767
2758 466 1955
1309 1040 4097
4442 2769 4009
1679 679 2270
3932 1768 3770
724 203 4759
3543 2548 4054
3173 93 2927
1605 833 2390
294 98 4907
833 399 3574
1229 152 3710
638 96 4890
3418 417 1276
2891 2264 3789
69 50 4281
3283 1591 4806
4373 498 2873
1647 1236 4850
1957 1659 4787
3182 2804 3261
4797 4673 4760
1235 479 4853
4645 4282 4869
1395 1274 1746
3928 2571 2868
111 85 3814
2983 2645 4738
679 560 2637
261 61 4413
857 47 2825
2926 1848 4125
2778 1017 1121
1205 856 3868
1238 502 1340
456 335 3788
935 221 2789
3921 1809 2935
1235 431 3366
832 391 820
711 413 2214
1703 1268 2575
1388 257 1869
4052 3969 4347
4464 486 986
1866 1708 3349
4974 1082 2186
4775 9 1890
4288 2703 3285
2865 2801 3219
3814 1208 3539
3963 76 3178
4462 1934 2997
2897 1135 3672
2561 1020 1993
3903 2765 3781
3148 2204 4181
3110 2992 4805
1772 1257 3887
4811 2828 3757
2488 1627 4435
2011 14 694
2657 1423 3579
4908 3883 4619
3616 2539 4167
1369 794 3609
1327 184 3684
1720 1339 1529
526 452 4853
1273 108 3202
1146 73 1472
3559 532 3089
3861 2848 3779
4792 2605 4219
403 194 840
1511 634 1811
1332 862 4189
3488 2297 3315
4105 2317 2564
174 47 1505
3209 698 2489
4725 3212 4921
3686 1192 4690
4553 1860 4366
223 12 505
959 130 2036
4312 2045 3123
4781 3584 3717
3181 168 1107
4929 3822 4305
1189 1051 2898
798 142 3250
3064 2771 4828
4698 3188 4560
4256 1242 2197
353 238 1164
2061 1587 2018
4354 933 2348
1655 1404 4238
4490 2580 2786
2779 1978 3151
1724 805 2804
4882 4438 4688
1113 226 4245
2913 1100 4298
684 608 4233
936 420 4943
2704 1749 2244
3123 864 2920
2649 65 2351
2808 1712 3714
1807 128 1675
4371 1342 1698
537 226 4575
4859 2238 2450
2557 873 4174
943 271 4172
4326 4297 4674
3840 1906 3897
2665 686 3699
4376 4321 4647
4219 3805 4684
1638 1115 3158
2400 2050 2825
4851 3257 3279
950 864 3860
1048 726 4387
3557 118 1590
535 290 4935
932 203 3471
1942 1677 4712
1342 1331 4631
2209 260 4276
4422 1171 3901
1799 311 1374
900 777 2080
113 49 2777
372 248 2616
4382 723 4750
1617 1112 1717
2430 1373 4939
3275 1135 2279
2310 75 1004
3906 3508 4628
1303 392 2015
4359 1685 4426
4279 4008 4326
3356 208 3442
2268 549 3861
4854 1676 4697
131 63 3742
3826 959 3951
3805 1223 1404
4409 158 3489
4390 2540 3397
3597 2560 4725
2981 2327 2413
3587 1820 3711
3029 429 4531
4137 1614 4513
547 97 3203
4199 2361 3395
2787 2304 4828
3519 1288 4339
3520 2588 4909
3238 2687 4291
4923 2909 4493
1391 180 2520
3015 1877 4318
4175 3465 4825
4192 838 3619
4143 2126 4463
2302 538 761
978 502 3423
3134 2460 3191
2367 2221 2856
4388 1219 2512
4827 4392 4581
687 302 2784
1939 1625 2268
2084 1004 4517
3958 3456 3837
33 17 1760
3170 1223 1261
73 56 2745
2836 172 3429
3703 3144 4979
2006 523 4283
2684 631 2625
2412 1105 2780
3032 2036 4894
3738 921 3172
1431 340 1898
249 189 4061
3711 641 959
1688 1094 3650
1065 208 4352
4468 866 4764
3288 1085 2793
3242 3017 3199
3504 688 2153
3266 3157 3382
3022 239 4706
3720 2288 3044
4042 2410 4720
2121 1157 4965
323 218 619
4387 280 2985
4139 1383 1802
1617 1341 3884
111 92 577
1704 731 4704
354 158 4652
1093 722 817
3441 2422 4778
3823 1168 4005
74 30 4381
2250 430 2372
3707 803 2028
776 598 4161
4926 3162 3963
1483 541 3310
1888 613 4328
1220 937 2843
2431 247 3341
584 439 3534
1013 827 1967
1136 761 1988
420 283 341
3504 947 1837
3629 464 3187
2003 1695 3843
538 465 574
3609 291 2757
2637 1172 4362
313 96 4576
1459 726 2105
1399 395 3406
4517 2909 3578
1305 507 4804
2025 1758 3413
845 510 4384
3115 1584 2181
4189 3984 4217
1511 752 3451
4873 633 3715
3097 673 913
1256 302 4090
4304 355 1741
4595 3017 3412
607 189 3117
915 7 1680
3351 1165 4891
4804 4653 4887
2845 1928 4468
1257 495 3879
622 459 3421
3305 731 2329
441 272 1784
3803 3284 4310
1893 290 2972
4692 2017 2589
4202 303 445
960 319 2023
4927 992 994
3739 2538 3255
2708 688 4911
4645 1364 3349
947 477 3151
1131 408 4366
2853 550 2810
3137 472 2652
2828 2167 3072
1392 610 1175
720 145 1964
970 303 4271
4719 1674 3783
63 42 515
3256 2917 3926
1307 1200 1643
3810 1131 3364
1370 927 1378
1255 287 494
1814 1760 4293
1499 394 663
2210 750 2652
1148 817 4245
1638 521 1986
631 289 3002
2624 2005 2572
1419 455 1394
3908 691 2115
1134 875 1418
3650 296 3777
1063 82 935
4653 1922 3527
3157 2706 2943
635 265 2845
1731 398 4424
1447 1327 2581
3209 3197 3881
3925 1822 2606
4027 3266 3480
4048 2838 4504
1729 1453 3714
1439 697 3474
1850 331 4049
2681 439 3552
1698 1409 2381
2156 2031 3630
363 208 2681
1478 191 2103
520 85 678
1447 203 1115
3367 1432 1974
1834 295 4762
2707 1698 2134
3484 1052 4348
802 545 4791
292 164 3910
2281 638 4024
3186 940 2910
562 341 4064
3247 820 1310
3538 1567 4435
3848 1205 2484
183 104 4047
697 636 4006
2378 1261 2550
1954 1457 3467
3577 1524 2111
2749 1012 3446
1100 433 1888
4007 586 1413
1869 242 1518
64 8 72
28 6 2318
1316 1131 4103
254 172 3017
1245 599 3920
3739 402 693
2154 1958 2742
265 95 3562
1294 967 4879
1687 1629 4550
4811 896 4835
203 192 4993
1921 1902 3477
2096 894 4694
2882 636 4602
4569 1004 1683
2143 1149 1289
3787 2727 3274
1416 811 1561
3276 153 847
2904 2732 3218
500 194 4309
4893 147 4086
3132 2158 4734
2594 1241 4846
1584 408 2101
31 14 642
4331 2754 3403
3287 2391 3147
2257 2072 3834
3110 1055 4735
908 134 2210
679 504 528
1442 873 1685
2098 590 1430
1596 1509 4888
3674 2120 2360
4132 2906 3028
940 757 2987
4037 3487 3698
1463 56 4787
4380 3853 4210
2991 557 1456
1919 350 839
1909 460 870
842 547 2852
3285 672 2450
438 330 3003
4734 1271 2406
293 75 4361
390 118 3537
4282 3437 4376
2466 1743 2414
1188 708 2040
3577 345 1893
3580 2609 4932
2779 2034 3271
1205 288 3264
3188 3140 4616
1072 964 2456
4408 3001 4019
4009 1308 3258
783 685 734
1760 7 2280
3380 2975 3751
4093 1064 2261
1846 1164 2094
3961 1909 4938
2273 1930 4115
2721 2607 3162
4342 3628 3715
1301 8 4856
275 134 4307
4662 296 3209
3675 2401 2885
1928 1399 3661
3910 1062 3983
4256 2853 4094
3405 2897 4056
3792 1790 4415
4359 1713 1868
494 347 3131
2830 1968 4588
186 59 1185
3747 1149 1498
2091 1054 3017
1501 1441 2606
4754 819 1753
4406 1123 4250
2294 361 2062
2191 446 806
2154 822 1284
2542 3 3695
490 266 2765
4109 2789 4055
1778 1179 1838
293 19 1081
1499 1065 1409
710 288 1470
1549 578 2622
1737 1660 1908
1967 1228 1667
2187 161 956
1729 1469 1583
2548 1740 2369
2376 1401 1669
3140 2641 3539
3749 103 3497
3459 2507 2752
2025 904 1944
1887 1772 4477
107 66 4784
4474 35 1576
1873 1827 4321
2490 869 4284
71 4 228
3059 540 3533
2953 2228 4160
858 758 2610
2533 1028 3268
1621 450 4190
314 52 454
765 204 2710
3218 990 4367
1810 935 1712
4706 4620 4822
979 183 1401
2272 1778 2737
1436 1231 2821
532 479 1071
4756 2708 4223
3548 1837 2355
3874 3293 4444
2920 330 3618
119 100 4715
1666 1141 4485
2641 2276 3303
1182 732 1612
1039 966 3074
3374 318 2839
210 71 1200
2081 1234 4936
1798 1501 3449
186 49 143
4116 2969 3289
2431 862 2546
1553 161 505
892 44 2678
4752 1607 3330
2639 2263 4153
1140 689 3124
4172 1441 1596
1104 659 1472
4997 2460 2750
420 31 3398
1885 254 989
2747 691 971
2632 1114 3806
2866 919 4417
2180 1963 4085
162 88 315
215 70 4834
2237 1994 3664
1453 1427 2631
2136 212 2383
3051 103 4025
4920 3099 3455
2679 810 1513
213 195 990
2210 489 3075
1097 171 1817
4381 2455 4139
3197 2409 2879
2991 917 3459
300 298 1852
591 325 1250
1296 311 2186
318 175 1295
4901 1029 2398
1148 846 2014
346 93 3036
1338 521 2173
3294 2093 4621
2318 921 1275
4758 224 2770
2386 236 301
2086 671 2190
2957 1187 2517
2629 1185 4300
2615 1292 3585
4152 3991 4242
1048 112 3621
4869 3898 4887
1500 638 4749
3745 2678 4558
3739 2747 4544
884 491 835
99 27 4932
414 33 4591
2042 373 1534
2191 678 3648
4662 3475 4869
2483 1049 4654
3850 3391 3647
4457 1325 1751
1899 1555 4285
4470 122 1235
4818 2944 3603
1908 1766 3859
4695 4512 4974
2975 384 2057
2093 655 2517
3387 1737 4806
2854 291 4725
1458 997 3492
1661 1068 4062
4496 2640 4823
3402 876 2922
4037 2590 3071
4031 3721 4736
4645 4450 4637
2734 521 1135
4346 1270 1553
4349 449 4484
1947 1441 3562
4531 3211 3338
2193 1899 2695
816 2 1106
3203 1857 1868
3414 2191 3345
4844 4257 4743
1033 265 2486
1644 1408 1789
4157 1756 3525
127 32 2838
2656 1657 3827
4996 3321 3596
1615 881 1901
3683 3144 3199
3107 2371 3612
4581 75 1045
2431 2395 4111
3749 1095 2609
1923 1491 4201
2508 2325 4637
1963 901 2022
3298 1928 3921
1010 310 3441
3500 2432 4051
2507 713 2480
2063 1924 2449
458 82 3722
3131 2665 4105
3075 2697 4860
2343 2133 4024
2880 884 3533
4217 2578 4046
4898 183 4194
2092 1570 1752
1295 757 3844
4978 3462 4950
280 52 2429
4584 886 3407
4535 2124 2638
640 383 3316
4377 2119 2418
3403 1104 3599
4063 94 2415
2973 1479 2857
1517 621 1842
99 84 1267
1001 27 173
1655 1527 2617
4456 3063 4280
382 88 4265
4238 422 2618
4336 1144 3739
3031 2367 2950
3628 3443 3599
978 831 1663
292 89 2326
2279 2258 4863
2397 306 917
128 87 4521
4900 4712 4832
2701 1405 4926
468 29 79
4711 4167 4750
737 56 389
2933 2394 4488
3944 2823 4872
3749 2770 3879
331 267 2091
568 209 1464
348 40 1838
4364 208 3614
4290 1341 3600
1232 826 4239
4251 3087 4334
4025 399 494
4365 4238 4493
4425 3168 4405
3855 2388 4458
659 420 4290
646 249 2626
2844 970 3556
4194 1792 3579
4033 1858 2524
390 263 1963
1893 157 4784
