100 100
-857 -254 297 -408 850 429 -508 707 -119 -338 25 -854 452 150 565 20 558 -940 -556 966 -221 -583 -779 -932 -976 553 -965 361 -34 -911 -181 401 277 285 67 928 335 708 180 -391 -600 847 731 670 100 744 892 -711 866 0 627 222 509 455 -950 224 -170 -803 660 -355 -743 -421 -624 493 508 113 492 786 -645 -379 467 834 364 227 -799 163 60 866 788 -555 231 120 383 -723 -527 2 395 -630 473 -854 128 503 -982 944 -106 -755 546 -751 160 647
27 6 82
21 15 73
42 40 78
63 51 51
34 28 28
35 20 84
91 21 82
27 5 97
61 1 15
90 18 74
32 22 53
22 22 86
6 3 29
16 14 43
96 7 94
68 53 73
4 3 22
19 8 98
89 3 36
46 41 49
84 74 84
33 9 14
83 42 88
29 9 99
20 11 33
45 15 68
60 53 77
79 14 80
81 49 93
31 24 83
61 27 58
95 19 54
3 1 20
77 12 85
84 58 89
57 38 76
30 24 48
98 46 97
35 19 64
100 66 86
39 32 61
27 21 96
89 13 55
79 51 91
16 6 32
43 39 76
31 7 13
32 9 39
67 26 61
26 22 94
52 24 58
78 38 80
91 32 48
22 7 20
51 36 87
97 39 62
9 7 54
94 60 86
82 45 67
53 7 27
42 35 39
8 8 21
46 20 27
62 53 95
32 1 62
39 1 86
39 5 21
13 13 80
12 9 22
64 6 31
74 61 94
30 18 45
8 3 17
47 10 21
78 17 41
64 13 44
5 2 8
78 43 53
66 66 66
89 51 69
22 19 52
18 14 68
58 41 79
27 14 33
50 32 57
26 14 37
55 17 42
46 35 36
91 42 99
21 20 20
92 54 62
41 15 21
31 6 78
3 3 91
74 40 70
23 9 92
88 36 76
11 1 83
53 51 78
28 28 29
