484774003
640601007
482034983
286056623
331810904
573274808
705900497
415365925
69799141
340911954
534325039
678767288
499650168
376368383
588215026
168072361
432300300
155780444
416000847
298312215
642557501
22834967
727973884
573505420
390079256
446036383
291191758
369665457
73410607
106817870
417478629
788549545
621984530
108223525
96999322
303284389
333244102
394015688
52973779
303277561
400835527
253615238
325873769
63480818
137418553
188675000
237120656
512190258
390632309
472982856
312257871
711914114
234143450
196406412
311745695
396973570
47115499
115156378
541473898
768179699
192232493
433889498
621540328
111287267
326356082
304116324
18208891
664320884
494453029
65940056
494283608
199186062
612519792
320870373
666272684
17577504
226568006
332591354
636209489
560166761
96823853
158647884
423485463
272627155
185452763
248389891
418566980
39227991
319098111
107738125
223554993
641957475
487198374
252169832
276631751
61332233
193933572
115417938
361711428
510504571
785839300
278568433
704877240
31650706
506108100
571923324
369258967
353652129
431700490
24546305
678701033
373077213
545464101
606879410
356218956
167462318
206951047
255359345
132352677
345296563
677350886
289081061
707452575
146659285
231212116
26341186
659640790
443775690
39103985
380568848
124216713
363840471
27846247
225003908
316093412
380733331
46297934
30429001
561084581
80797150
575273853
65349764
640098965
229767081
624257257
63189418
110651777
480740271
343328570
619122519
256900334
105667454
576281674
287933378
217985063
554666862
109754792
351762895
391811692
19341096
590827431
446410656
387326842
776850966
556791101
15513841
483703951
331518148
88134340
211302562
194442090
766547255
390204191
17328601
190798764
425427691
685067018
483713516
88135222
481857659
527740783
316860630
472815649
754781082
435740305
183630794
398364353
793254255
612468446
299877484
749655729
484668768
409975412
472113223
489457593
413317076
535362806
523303106
680278862
1320975
476242501
58281448
397589898
175881987
271136087
63921679
384711126
247386526
281137508
606435104
287206769
753479315
159141222
553887338
248279812
685560464
688486553
639096570
232621038
546827512
226614220
622006003
561424789
106689898
168531653
432352580
603588364
519012019
285165286
728923509
463030824
499756831
614731447
91584651
217567310
691517084
642135258
92048300
711544168
47616537
60133196
332594398
246901029
616199793
337757199
200434634
346357541
254136192
276466647
170681769
167266994
329333263
150283910
528843810
432270025
18892408
48048381
128371935
98415109
389290781
617026048
564695240
98342972
180284077
526447349
617100301
229231338
328615733
115801194
644548220
275138633
455699263
118771130
87734636
585868232
1067805
200609526
422435437
433426602
562023049
760211492
171614573
234871027
69963271
756412170
223221887
158130889
445998962
495904457
145924841
17071731
83772841
296734101
646325478
104084794
169469607
285783038
185835139
487125846
324100195
343670799
351560087
408630171
150285046
321562807
257287399
354873108
589966267
529238565
537238214
466576608
238763981
130390620
553570444
672190942
425618561
294546973
175015280
136291030
584770970
359946034
388854076
698308576
92375433
11059965
636895351
517209773
756433350
337182096
74645251
286592266
137129354
88872882
223482630
11743979
313990991
631553174
434992549
522064596
609398132
284099489
209957376
817256721
406118162
207646541
637020509
708149504
448700932
10347753
102581048
414512469
702485305
254909552
548601273
676356965
529131746
457173749
415651691
597783843
99536399
233737049
45785671
143824727
712351039
530432970
400044959
665083144
264672906
646209249
59267422
498256810
209843837
549683936
244176946
729157750
391631867
463718293
170753938
182180652
675474299
662373160
41107140
451932285
285424380
88202303
92205131
8162466
653485241
535877652
525480123
102550878
45809485
602897179
389326599
181493705
746355658
413008148
577192962
517118848
533095003
344344834
277030304
498794204
139105887
31591935
524812919
11863065
348066983
311601124
62740670
700732679
237394488
547385215
334965566
456917441
498933610
66836355
458551872
69213461
509159185
353610264
279066900
80075176
516547284
545408349
573973473
311366108
400299483
283492831
44846057
205636544
770326239
394461937
580074280
59913438
97747122
174101815
78802026
649722603
620195761
343247582
510829582
242661417
232843176
382967705
731509441
251718596
15331848
501512478
122807508
403312976
506826685
451012128
69068625
456170374
379532003
83177168
309774563
107594542
349547030
489547932
178019263
814542161
99557825
306320239
74621636
637175268
520430057
624284881
498427684
186589503
45813833
10539291
596508453
414817078
644015127
238307688
290505804
289245798
15694181
800502885
546029137
127909089
465302572
286923800
350290183
389523358
635614968
309245126
495391424
24947191
588567314
527990852
6897305
335745958
20821285
784303592
216391533
305887469
393932356
288823137
365544924
292525237
378463342
736072383
546492921
472455204
131754987
671194119
174680065
76577259
97663738
165609500
606393307
506705617
437339765
194323640
562365042
366221752
301818722
449496456
604342576
76702257
168675336
324178956
299317993
555582718
342114511
67129532
462731367
307944226
59103903
471147514
220081578
300921197
314911276
43055206
392711062
181001671
361133110
345666431
763999610
22718596
506155443
326671440
536827136
443073777
793979722
96499216
552496210
226416911
451013456
152611369
536078443
632611615
500591681
128432893
240472762
310547493
540101218
444644951
400185064
614147650
434884929
76630766
683807849
586413260
656100864
314741722
72601454
391786044
183725391
523527707
204372897
46337575
72349116
361043268
534920514
244393786
438293842
547453046
520801095
791932783
717286621
439574293
61720338
172840515
150551717
84806644
507669975
108516002
465558084
745065285
67189900
12797124
372801605
144261904
259127509
604585891
656780783
477909480
513693872
587440290
153480817
561291098
297307321
704906164
47893231
704743913
258367991
539879569
260305583
445439949
450610477
751271627
48209281
17990240
13479610
484650673
103718038
43489307
110054977
234506617
111372593
307024071
287031146
125337045
271733067
59710404
174789841
579046573
438911496
574767409
277761203
36220858
357049547
353109319
745183752
500335280
573895496
36473142
523222716
528556559
21250145
362873794
554811027
327883144
759029506
466879593
427503059
331376183
605928559
73784947
288918522
468800939
360946054
517056053
238271908
63721613
126964290
440596209
487248007
81244676
262486813
486548531
312185109
630822424
426654435
358373700
440587774
400120959
230257511
818617936
368913370
671236493
74331433
524135611
75150344
540432894
223781156
226666473
297747105
32421686
199152771
287805453
87271951
647448917
644630268
222758283
378699244
268537503
66015222
264698339
698358689
818122477
535779337
382880416
482960873
19307421
155705859
56248660
111301963
28163920
326158500
277923349
274663819
438982474
361359124
407806629
253311874
314447369
289835506
423988729
586391805
225192476
20024457
568521173
422461455
696932856
289031588
536790710
401023042
65605531
697320027
3135890
248732801
9230446
565421588
385929610
327955785
257634261
147934308
365346238
184353403
446190275
463826240
653686798
260200011
176475034
548557708
185623901
87840640
180177024
265990131
430164651
120976411
416296350
212633939
740130132
590037341
195751196
263289153
51264788
194102824
405508564
252543522
234811171
205963876
462333336
167402900
545343907
21608687
11844804
18463624
238778490
189828699
461031811
155887388
689764065
131908007
821946774
193926654
477495458
562540911
107681078
451337984
166512474
222687088
664254910
696720662
476535533
125641812
352949920
306025903
145880740
445918518
610863711
673899092
483539968
287866164
516381666
630378172
32985583
562977900
247300103
206372012
574595107
703630315
318403766
571942952
767498008
714901754
438694773
226625269
233585653
554128834
402766895
72316464
723510152
260875441
399877295
90913001
324194822
553637623
206500358
625629284
173923606
770325502
489510223
284604892
228291909
140153974
382570868
61255633
258004697
515291489
213272178
489788421
410548827
22344238
385005989
395537173
91413241
300949478
28594054
326223377
343247582
413369797
98938072
429151241
738918377
385127645
387561950
395556583
520673262
179458696
427336935
191364105
136114713
275704410
154084007
233295419
625738560
39101857
220884530
469533709
523053049
359862607
623438765
528430054
176269580
323712861
191961303
543957571
272627155
767088061
515466121
559961118
429403877
550368666
307095186
57448670
191528861
56942507
142708432
174961017
39033943
517056053
164040379
518090681
153974705
87380788
818272328
163879231
416396259
63050296
552773327
751343060
670055943
206183203
46458937
531278791
671896256
588188798
193636805
391110693
395972971
440320409
205148810
450858514
142572116
334716333
229710978
27986888
500537367
158699183
226272968
295841968
132394531
453129416
424147886
268664727
633242214
692104861
32323976
166577822
366981764
571149695
249246913
429618929
700642902
621196509
155863376
134065163
356354152
580497681
11991215
318136704
628663966
210236594
369848600
92370464
26252087
102331641
74319198
412472976
754842121
444233580
114046538
663025168
742370227
221950595
477056447
424505559
68649442
687639297
759611642
4999954
144261904
207037519
613819631
655760479
175509785
396973570
430096253
507414737
447416456
383632173
74458524
735183718
353714202
589628108
68000363
309019330
70459109
300592456
199562057
208251249
677208912
746309411
607422746
296374040
578863780
74993729
384214655
142891264
77448777
163317352
680322504
50101324
51582754
274675286
53122399
407987253
597831799
540248238
583993265
349941560
239229270
577701291
471017079
536995814
28625948
122298249
32947298
367744027
541873269
254830976
253845935
513488581
647556386
265466155
724297782
375591282
117263543
654436222
325941291
532769501
231035250
572118862
631349583
692726767
666482519
129932897
405511998
215191897
451189839
265510298
553120201
175812607
583604900
636973045
601805744
255083589
397387159
746772945
487822305
173643857
192386088
197871139
25180706
748449433
286007083
623732362
152826729
96991424
742869597
372760983
291702569
338355923
678547539
540941958
489482414
92198333
246922501
208731685
92478191
675930436
539892265
598608509
467372893
648154540
324792246
196122166
624487533
341117179
473757159
261159083
561833315
553408154
563901268
678620116
227838288
372521041
245461912
694046902
456529289
483625667
166684518
25571827
224801915
517002339
451832409
365656573
619596135
219393977
60025832
113580543
389400368
527895503
328882505
705220497
148589954
223848209
393690660
287159432
734400457
222376983
754918582
55927023
220248694
358750201
283523448
583310267
422010713
3866170
772725364
672442330
145517600
225415813
360443822
206234685
102289157
540609407
283975432
578790170
310509058
28194021
136717291
179716300
122255122
579640489
85559064
227184107
537648777
339999363
697268112
437479582
638388079
706813780
210321064
75914105
105703352
116742618
381364257
595555832
382366591
327860423
170479197
479547831
76960709
652815010
607876951
357520301
529061794
174236480
731325107
306174373
208327586
511707021
494664027
564774585
302635318
304017544
692819524
198002605
348252478
442681962
340007857
281123867
174236480
371634843
427099864
264542317
559660851
522726479
571446350
46641893
164613141
539832356
243621517
184454961
321270216
131685737
193680839
68244701
721744497
252155097
288797158
414309654
731393447
552706087
139877213
365474821
312598042
143985547
221708895
404855597
200802894
540554246
224238203
260109200
165068841
324175430
139926500
33771387
499353384
286085555
151529071
598461397
395501484
301165999
461104077
300462683
735397052
439466738
599830190
495865331
314212034
352077404
355991404
436965367
578125772
125441991
528584804
674612633
203373370
191839109
487894159
818633509
376772109
267633895
784227146
56482569
624032284
111359626
793979371
122006075
311242871
743169588
66295712
625271154
283220256
280717014
225696002
309014769
315453402
489901482
81962626
145818107
180358538
255507993
246923148
458198976
308059552
521763708
623141533
99963092
164157403
485308182
259548230
102521200
227237074
593954063
511303089
68801490
196009082
482340073
208772542
563660102
225748273
389866270
303832895
593360484
132040732
645093268
594546971
437448012
233924970
164302021
36326702
486803041
93958057
637283131
293192381
725396585
398500780
789310769
88163826
548548660
400406710
489075752
624487894
645156337
693930000
517728169
18727077
248551140
553275481
306689309
263449111
391547351
405989211
17389757
615409216
87922971
116302107
7871609
624313072
252721329
321687594
255603108
385224717
191729377
191459941
305873370
200074812
107602226
189326187
220489325
422690322
217354000
412920587
464246878
212981222
402187143
416447755
611330129
649027289
510364469
12712155
499037056
148495318
335219339
472893749
228377484
178348548
226063531
73330625
667441395
690201101
658531758
153540034
536948433
234387111
732656048
557729798
552527284
305996954
89453850
247486189
324467391
234828146
397204952
756279583
440260026
534344211
358101641
210444025
203212406
39218488
282732813
561930620
85054647
223083535
155684518
556797289
623638180
476009193
301864665
699356719
598664181
77690009
45319680
487248007
521175894
36747047
425921361
371154913
110054977
414909389
394718858
757307192
776559837
676927244
16850726
377975907
235016839
316316126
18580800
630895814
150706451
534383160
210546857
234808830
91852824
356628088
500243039
84236604
45331743
389822400
195333437
326667261
318740891
404654375
330951871
17547866
107556905
344827362
527886184
170235867
671264619
529469395
18088901
138612563
152930255
247022948
58805240
436094426
445552011
372969275
367319522
290147634
705778066
733353700
355538320
877251
217119383
566487799
542140074
538030379
547097492
88833396
246639134
183589710
543230633
44846057
294042686
126141284
451809637
664013843
700470138
695673172
340029755
489604582
412575752
83731599
303294820
303856192
684157515
641373970
77946383
234483822
630610287
157486990
658607796
302999039
174935831
567538573
649609624
667356182
649915554
223792184
120955018
263350770
62797724
104362558
671458568
21626817
593144312
208733650
82051471
645381667
394918864
814932753
229417683
191188269
771872747
496683039
56444393
499719953
469069657
334378818
523798849
2964089
430506501
457110398
400571190
705292419
437133042
32549097
303959973
282797113
428312158
80228605
742170946
406536451
761223100
450452655
341670185
701584480
539991920
298494271
251377081
542821433
33968791
111025634
465346914
507424549
696082630
520974965
92381600
309700778
498059351
109612063
13449843
49480392
137739544
364474446
660992476
260822669
400395318
120842127
4395938
548411211
121740937
429924933
382389234
670700018
634531001
490990630
298367809
58260769
645383842
653797490
516597176
240478364
553034434
455918950
366981764
226606691
675661102
634796251
569148797
248840933
169340534
474269929
235857988
671086820
502004038
147855332
176381409
693797300
113311206
312188494
85911200
691462391
643406173
253673096
616298812
376832237
311000766
539552833
392537481
145384030
833462491
164552497
612436799
199893610
297188976
522709348
711640674
318738964
456412439
6797423
327546058
701543106
170078473
572623263
434665660
368581962
175599836
237245315
180274747
277958798
60651908
581406038
159414286
149074862
224547460
489742982
409518976
420880250
673499423
551556194
281489590
238723057
662131063
262460611
605127474
607682142
673885107
752031056
139172217
174851426
472249710
682115778
319979004
300338118
358961873
207531498
657935931
222513929
543178269
563565826
528606520
376868558
80233028
218609747
367241223
468564409
451187155
681945034
296374040
255316946
22537057
538735227
401093251
558579575
450387102
100982818
132092442
427713959
518626049
769609762
502369038
88346029
388082974
116466437
539101950
58870049
804676350
12672460
398048569
195981435
213897323
709315669
37604358
213529583
344041174
459702463
36835357
109481199
709294816
636588266
437151250
448301680
613709645
599100634
198995526
650113640
634445350
668462698
617876616
709554304
182007320
361166856
756302725
103009367
186796906
67870000
367442210
198552737
653154653
46483510
787188822
183370497
246269775
176404131
769034070
360909083
158338000
311637720
270614322
615768401
162974631
245599504
64816102
42751596
559577135
66660836
169629903
700768502
43090405
613368860
375461580
632608825
224267938
307415317
21684471
335263045
526623763
309049127
384403985
541981559
738481058
552469868
352128583
175974909
120921173
443252672
139058936
403802811
164183533
597764724
589855435
34329652
672381269
85619877
89282714
2646233
392860326
295639673
669925842
747829820
605459015
527291204
654553116
404258873
235002871
248082588
434333511
296941206
345876081
273026754
432101642
543378580
504316218
110975192
772899983
252143368
450015371
464878342
295856250
72486773
18331256
381641178
251682846
113276729
515303830
310531573
282754753
361799675
69351087
255436011
259586101
279176177
619975101
92260671
176318492
80763021
333536592
257674634
717825895
147968911
565803484
234486138
241331640
129346622
449230775
126562405
316233140
185379274
505369805
590225164
556801376
625368960
154019913
678478512
94086804
183370497
136550471
111275333
468617783
132820085
444002585
427597102
615488607
468128733
129347641
97745258
237151307
154175715
102383161
408792203
304848317
447063951
164706513
407031702
502300073
296619531
459364743
156564874
145593729
306385847
503851766
63841690
220710473
295023922
562474169
538727946
44515529
294663139
668800038
165185181
605919739
172198351
54803876
294764605
795765603
452328405
99356103
324669329
147969158
417388048
482446178
589418707
276561071
752245433
728285419
230887429
138310791
382449946
560948256
294628817
424913669
478480956
526973973
709186675
679011392
565169406
411187800
113720271
326067110
159141237
432790712
406627986
527343168
21752607
572231408
626500498
432615843
93755319
58933932
758706386
143610127
267790103
549511369
165578101
156564874
156281167
402301151
456167335
123379273
98217692
423923247
6567758
169012245
480629839
695668770
303481247
522596615
116274014
35282478
427752893
434854220
344787128
213856002
387117571
135515420
734222085
169919622
353652129
596879186
424588145
129153824
58804548
249760664
717014600
711345252
623062101
68357928
260658898
372586760
25507041
711773129
675209214
47320678
169081184
55843635
429924933
317353466
660258488
574542713
381448255
447456237
418518942
67870000
151777841
140473299
647928811
541896072
510321242
212953626
376713380
349578781
38568362
708045038
434829381
686573420
776788774
313426855
549822870
680668763
448995712
641940724
309017599
285516948
683130281
330840362
261721700
121101573
88526449
257202659
677406853
66500333
727422665
255694274
695886998
102602701
720293
734490197
115407741
48404946
193105745
80827961
315622937
376312871
204060514
568584187
773133683
266928957
652060263
729985154
367758405
84830330
488928236
110121051
507583649
150359199
33531157
516248677
400888201
312388924
17994442
479765033
372742213
503968995
20082821
181189611
256385736
243799225
611263221
75486079
98256336
314728145
335017488
729645762
235004360
237845919
150366564
79042027
440353074
533025437
493458186
93939147
518498728
343675945
627358408
52793443
99604247
344626735
487935807
54554212
265288904
405033198
58046160
533897947
665601322
173932756
732072753
71957061
327761608
112459973
649330062
633516986
41277631
327594430
494653800
397700402
409759784
142666129
490874491
371013917
676338220
35794662
311833590
249210620
447342971
156745700
314395695
15600968
742391182
672124212
13278254
414804948
606772148
425634061
407987253
188267988
192617999
580050954
593143061
801697285
178809719
324103647
234713024
74366228
23187985
1404540
606355734
239514479
489765994
577667953
311987960
39492458
453101652
182038068
575468289
455846717
533403536
420248212
576566098
313482823
643345751
676664694
636684018
739917753
354257131
260583433
15772344
450035057
456623848
568719174
816956162
22805570
444509960
75377092
110245975
361731716
558765013
233586871
677493837
118764
336444236
595338709
36489471
463245179
458892960
240247883
56102308
607390676
37314834
735725119
641907462
421779547
489997358
193249154
367126813
756127891
801289121
269618309
604549176
467021590
720775006
72625885
184517263
167125919
498938230
598264976
444873749
209732128
267395775
719359557
484447216
312613738
262989037
163670420
526427246
241131556
557149949
111348268
598764800
587310830
327987318
248696141
205963876
448807119
41456623
278709486
7515821
614478647
120294204
630766712
315434593
306720486
554075817
452495380
400653016
543432799
475623361
87434016
494713496
34738727
610425050
166215683
696094350
316258976
626914564
264459834
215128581
425541085
28411103
472956887
326612929
541989670
180177840
214255291
343715513
548220063
396123410
247420752
257521459
332568056
335016382
482251821
539660579
432428092
316206352
41944758
131188034
729486047
92465861
293586455
652113751
254902708
238876874
176234590
128824527
51110712
394397400
546113929
278122158
140339095
352956139
297543006
261682313
108759226
64504804
224470880
83616106
163088389
564687177
731399252
628803860
326273134
556017667
193915129
771627949
611974562
325902173
702973469
426705118
420328518
148336282
543776568
363896545
190461204
473549742
148020444
57713264
358412928
319748906
713627729
750051097
597927892
450000561
411103331
680934762
674768155
238950962
544770547
382569978
254754590
485426225
159881850
461409961
525443679
308340636
479096637
247363127
50549832
213355955
308862270
26441755
251748281
338399109
481934132
451679985
220388409
208866425
276631751
375747591
648029596
275659416
35847176
281835612
104427776
18915113
681498729
93902922
618640853
19141059
502635802
158534299
56212827
192899818
575402135
245640751
529142848
29987969
158331043
50964350
279597265
576453656
466827946
495094402
289861917
29331908
322248369
631496583
234488282
504795767
180173432
512344626
344997705
679828610
355761321
425004519
642325617
582430083
589485548
371603754
85479874
478306226
56568844
242201547
347952111
709919724
358337134
112539575
286712804
384441161
391870862
45661262
277750915
655182325
547279172
553102518
470723080
702772783
395428246
126470810
636566084
209939322
565261957
252405472
463550887
247765282
285095261
526714265
574922726
449766089
243917302
216841468
132790392
48904007
286766442
631457801
120388745
699118365
23154323
735141174
209605486
239333804
249387405
228953811
533966243
621273774
169923634
36795
530224392
497224398
124636298
19300244
150988543
269059813
224943619
65495665
506216845
363445591
149324146
232003397
134272123
430644314
974764
399498526
537648931
437426857
163863343
403739684
393633735
92536986
436964827
677605177
260006805
108114646
297250764
672422255
126583655
34415950
674434244
95996510
126930261
126426110
137011358
205029825
297378115
28927656
254063735
549473178
247123991
24367264
401764885
398050677
145818107
514304615
468176688
283977892
668712075
230445108
412748304
647533874
329166924
697257426
227235460
512601959
267529613
632242035
150224056
222868334
723957419
138776538
516597176
748495943
180230720
689661709
602274752
213757648
85965349
517360485
53958121
27508324
73196758
328496266
459832680
639157743
362601610
173901181
45956355
556274631
82978387
126346263
616553958
122919453
366234075
476979749
479186534
301307028
173093993
355635608
598345710
213250509
691375542
221026794
585925645
364693388
226339159
408029114
74350078
535885761
78348053
396753956
790137404
343395901
176461254
422609066
35074690
420832090
354279371
509196743
661736147
528826313
230292308
716323066
454247358
300238055
345952685
285519179
460884350
811895475
528843810
218190540
498755468
196581620
316035336
778250364
238503718
112993105
418792260
698239278
115021420
467046551
78761029
216894779
205902854
613018043
455152502
548279667
290498171
670494838
11822715
191892134
243318718
606983952
206403581
693034405
71926523
487233454
402029653
704460212
132352677
166714941
349631004
691438404
102802785
208837202
649317583
102581048
416368040
451830604
425907545
511875654
344771792
351498619
122977316
392818985
658459630
71034427
459775244
136097221
92372519
95194279
577467194
756410068
680133377
593669709
344328147
93361345
442828846
276587428
369742924
409497875
459653001
213812724
102361837
343182424
88509965
290706308
390129026
368598291
677910050
778413753
375484790
498238210
473567612
532460485
112080013
462733421
507128215
386491932
403136117
111640515
154802285
126899465
275072349
617572991
512038503
630711035
295106362
98370530
387763194
91797899
380526154
24107426
91287000
563057399
194400559
10578507
131818903
486059714
201569899
42015336
182775862
377511426
242494915
499731176
240514494
687387527
273286761
614069657
154109475
15365369
336181037
139720702
572667795
583679101
555897503
355609621
689619286
608612837
158982349
395907250
372095617
207717947
13436149
443036698
225708803
484499028
129762789
293943246
14669013
128518420
260846091
287781618
302963651
462294283
427223776
250301126
29710237
376777974
526282679
764043722
396413674
294034255
252449965
699063865
272768663
184466571
240557052
328165229
328222072
485899566
451179743
88706259
536805568
285241198
512250775
696072367
578437795
146189941
443956033
512389480
205921740
273812333
494701484
319767351
248967421
272659592
320949399
537666236
175411164
472250603
183610839
146101250
45812314
234592411
701086137
774112508
303657686
356825136
585124263
526991453
3547241
437388049
167222644
519876068
299379494
91156068
321365838
440420614
435801079
750122601
829433860
330437560
220618799
438622183
614875815
441314377
801729603
400299483
295724754
33090481
76606660
404563651
187758639
155950537
276182722
111329053
136513099
224251986
305887469
278032654
107865151
609683414
336562181
76619276
288828946
166631792
390992503
418869050
415631021
535924985
421421534
616941623
58151891
387993784
682638403
740681933
276402249
330431114
521620629
250624741
804661547
40417546
23017203
122033289
783546323
608052358
328791212
730562765
59900925
480843703
455362435
502148185
309711099
409983480
542161108
468632896
415658651
638522239
45589178
578843251
308962184
485338959
45613432
716584561
129267481
321977202
373174963
781855655
361934962
251162339
282924591
662352808
11908451
212067156
77269227
143208822
156905408
673885107
587199816
383721613
665122164
229725697
361451358
48131669
501944563
435729270
229760772
664229734
321295792
765845049
521040859
684433832
91700540
463737741
321791835
790710455
101322794
522963308
359512039
582641799
706133394
571671298
23395793
738326742
147954831
289055353
725165134
343338139
113643127
168934926
246607191
401716482
428504408
309193127
117485693
326029208
495495506
309659559
289117307
184442821
476699734
339512689
113740097
225450679
680225261
65993708
641698897
210953214
13218819
110776644
717395111
139538128
245117125
226724655
300386438
571671298
524433259
39216440
223175516
69161920
314640932
78548452
295432199
473328991
149128735
644230580
595504515
249254138
68577895
89980765
209065728
314818240
15930333
271180466
148926198
277765497
624071793
360750729
446455532
85433454
420022092
390991434
269569563
721227658
594485093
424562496
392592379
537952847
535677353
719872834
625213027
538280768
216566751
542094951
253173467
264185849
379298059
147951619
216959938
60001802
730076695
609492633
475949475
385588684
43090405
360590600
518699045
746069867
359105848
435699825
165923099
616316210
512470525
250624741
425849581
778855992
78612902
216589175
610532505
403948795
26337846
599252206
331890651
757753952
181071295
113971448
713549948
316558992
292426330
312116104
433836214
555782277
192915900
91173123
671512763
576117644
152943129
208834528
449313060
418143092
110277201
187302822
286047586
534950806
607645117
100767244
452341801
180062551
244476001
224208119
394700424
498417678
46736000
103403169
195577615
137086976
343148343
113276729
636613471
542088851
39228729
636525985
207431106
331518148
264798866
308835025
215527143
653074512
44899509
342321289
586770941
136006202
182819062
685971532
294045844
457826013
648039823
415895564
570836202
676797428
132203920
445589881
288406483
15262016
580382960
225192476
484712859
572198600
46458937
546916582
453106394
344355009
51264788
194913546
256394702
212165557
427267903
691494155
143471776
276466647
476526637
33246438
296378867
250393091
540906031
466494319
399827738
426012878
442274692
272607412
32001894
350621158
446069350
457492776
653431130
399413836
400560459
656101981
781475555
676927244
644287052
227237074
366703177
587055138
622581108
36783626
335835265
363266555
490755549
671731319
92507899
172516189
48737548
270813883
425669627
361313330
274223097
731174633
146277917
568825854
41984450
443833310
439246476
92629474
280868935
130397343
181573132
317024232
642874126
128608446
465031418
278704462
711999475
769617860
707272900
784080768
236345077
115662816
347163322
154443857
451979972
692576684
162492977
242671516
63064664
628022540
666655395
124996446
435014159
330468666
103994984
204770715
140195275
170835430
261754443
39018081
147855332
222517903
556139701
660457718
321410166
364648322
42090118
617328420
768790502
242201547
210086814
688199592
351311272
77636561
329236712
131156000
281636943
82239295
227705231
505213430
241231609
109849365
532460485
249748640
435458889
636302282
653278153
344551055
722254410
721985259
298431264
727689398
314174276
273673505
620095794
638830676
402154188
256340765
180475129
386297202
687642565
434772837
109214477
434413834
680169568
432514374
342125302
209865975
532842248
348995028
262581862
652064754
125215000
92483151
515965058
325803894
325245011
142769042
358285214
298548885
123201198
78798791
240433168
509141121
706897387
617371835
604721084
80432243
546274167
500335280
328855097
163598142
129339132
530896404
313860622
301518483
63180784
576672132
94962081
521364784
195644099
123951837
666495309
344670972
677135738
397438686
330296206
512440290
665042485
387638228
431511101
747008909
617191928
314757849
365132127
307588128
625649656
440128742
589455845
359714130
369029969
269163746
339077610
490980549
358689435
684991205
248112471
776332709
648680457
697267629
209598511
450547022
815346015
524026035
431712532
112339155
110348767
329897000
287625783
103982413
131914819
541896568
251037001
255627009
123429788
109582099
434872162
431479358
697346167
87782642
432570235
124723069
155245331
546061759
737732476
345616822
723700957
364590657
757417718
312272679
38829038
712081102
540651940
132591033
439595454
631086823
630990208
355139279
314021240
278781698
249314909
558875600
519355636
445071859
320129470
235350779
399957430
416614340
245217752
143772383
393520581
268520453
197436750
146883541
524600568
250182430
217623674
76612916
205868133
496701111
501482832
381505882
224400304
292045317
418271570
183371433
528989282
433805391
326444433
517731359
100208469
48137914
439790510
583702204
398055300
466473533
607054342
243918580
59900925
301787809
15262647
787726830
487931933
691567793
63578292
283959854
615569740
777740746
139785533
419205051
279396374
224982372
304202563
214541900
450848246
472364903
432159316
448718658
745065285
262649350
553259401
369172460
680530792
473830311
309355114
160717710
354262797
254758348
630905095
154297502
409723682
686512981
107831624
288503593
700735855
346595098
462558830
742186748
18134716
451028909
504240315
548620470
479096637
322343805
296046754
291678523
597733340
317942820
513745006
448521471
663003056
93270869
709994253
343943563
66137973
8227378
33132423
84969653
527001505
154865979
213101492
510829582
586940006
995204
441706252
449253399
96555234
147725676
289843554
786121384
195474681
667054197
705692367
648121419
742764482
545161297
289992675
499016930
80075176
336696205
689023096
634463020
748298979
287625783
258703359
91400454
402747228
71592152
136132099
168681032
622586266
660416809
493066601
500792043
531601696
676303263
546392059
481311954
142783258
124624856
479624197
304767528
792609311
320074118
303890397
303305306
743097452
561004133
283467277
538819700
92426055
431692594
404782096
63784009
37145402
549694544
810696320
178824568
84939911
194228033
72158213
223098405
20819627
546840105
790706441
285625765
183169927
496616727
18389259
222896166
611043537
269077856
578392281
766304772
765328972
214471973
251374023
183039127
428424118
268371463
40286426
115829982
772373942
70779433
177232760
331466260
133526623
582880931
193579482
576345119
432537480
517406402
212105939
384317651
225685528
227301938
527245175
508354383
462878640
189038091
273440540
251433246
334183142
672597875
663892054
781571079
567320781
661439480
390108130
692632189
773976260
183701408
516463392
242286264
68373642
245217752
239675961
533990803
657510816
533549082
462915834
365441703
158952646
565241321
774630621
549915267
422573405
139918347
508437220
389740674
479141141
216824997
624455362
419531733
592540709
50224058
308554981
11764040
627155270
498962150
555582938
137708683
298896551
93902922
217968909
482144321
494073152
671512763
207057405
15750212
396729164
56040591
634866502
367775427
472333415
219553228
249036569
598534023
781280652
244219786
369856942
254720917
669368047
263115681
275426740
7651708
10341003
636337877
342261388
56942001
22871752
499817402
313689323
218017916
525482777
102525562
640985681
469143056
218354283
713436715
246261352
250781599
292033658
396842163
251750574
200225504
586250485
811085686
122762421
318571136
19365441
372095617
422398391
285576861
302568042
586488121
376587286
717402248
460618138
270821710
186680697
26168264
62741622
420888297
209512472
469069657
664907853
324150140
559511761
717057367
421415580
745638238
360244785
102625852
150495299
209163448
553390214
610593955
230843671
516961430
616532485
548360173
439500312
487631216
63985297
824014749
53145755
434989369
293851275
719390013
596099833
302633640
461508698
183725391
9979776
482464654
214553888
540588488
141104853
521408158
125894430
516431403
160824306
704464915
542832615
209350967
523761619
680273150
616119654
682601186
589823552
22718596
377018991
115801194
36519481
257598701
415355405
246875215
313720973
361411501
272676215
828997300
652729535
448115481
395556083
679634437
633728209
606645261
490326117
100639116
747021879
379188436
704431110
444254128
509931853
36439396
445111650
47429594
434773704
472272020
307102868
530366117
37033229
511204052
388404368
563447494
656198506
424730573
50735270
301184873
779972388
522006541
178579276
41283809
552386401
372232689
25106796
302232201
358276600
572544818
341940424
337853090
19237858
367075753
126767949
108901448
617194351
344597428
566523511
520722816
478303692
174852224
72204035
811081510
690266572
328841999
269523866
144853219
667006922
203016996
267214942
453271695
554670987
386402860
625997468
272515566
792378062
40176789
755819839
585596979
223630129
489376635
424348769
247019370
196491662
487307581
182976900
93971955
224231936
49931083
712659853
121133448
403851331
648727205
110361591
491308908
642192222
174974688
398933287
382207618
496271781
257249957
132158680
111698139
215671678
615150907
262464749
646213583
573569093
302845346
51354441
197302331
534479712
111374273
561898117
111364770
36607624
736423597
522039019
555195983
785484746
42011760
489451676
598564197
179560189
107406562
536718099
301783047
590752450
193315538
319296880
627931113
358046512
220396797
154629581
490082001
416831939
786509727
317474982
391331644
463782865
328909251
189327795
91938479
380153311
70859362
246655577
271891044
613335563
487597182
212212161
268278217
143833245
550433496
724895
581833972
644764807
94517217
199922140
360626331
589595427
685134249
413896435
169738999
392862453
276581727
531770892
191527472
309992327
203961946
393255884
717516836
224440559
41667980
33429912
455799944
271849877
273353301
79265782
74303972
390988293
81542254
274191723
683883081
772760053
600905115
241384926
193969681
539305642
372149768
636261648
427390163
91247250
257845358
400285718
338708777
216631972
43090405
456185771
346366045
407251508
357891552
214035248
625781920
659273360
164166642
56209422
624385673
244467213
560791226
381835142
571444312
523085859
222780006
5671221
474484065
258506603
613890566
270070140
431655718
74227084
795555764
245266273
153035339
244423792
56318197
512055892
250312908
403416102
456402799
189001688
574105927
52488689
368222243
16369873
226852524
172937625
195303897
682448382
87729356
724843600
614069657
266668530
536249735
210120160
425935495
345393991
226604075
516499888
101215088
403505510
93971955
173260970
22778504
541582174
149659884
549972038
376301397
457159507
677035577
99261998
297559735
150231850
9191608
630674545
355293026
677269409
539501199
223173355
72591531
177935285
186741941
145122340
60532704
379725520
442057372
434561621
552362528
469067643
480119498
104427776
553316528
283215321
32396691
742933219
266037349
661550929
289050680
105003844
218730623
400849611
335376445
400885327
229471263
478792675
145463641
675588826
316457968
145502704
339428432
300727722
735924998
452872476
452404312
420652118
459288015
122361086
323594370
194308423
528765315
524899352
571226704
234954241
208681285
76679156
704060467
237508060
70267071
23183372
743097922
515532934
342588515
99923328
767325578
248569716
102513069
814356584
56037762
175416604
166356840
644554630
509981030
293031939
489702950
360301764
515071497
287793585
92629581
353530293
405397007
472388077
344712352
195462629
723073715
746003598
59822181
512247858
695069609
92404226
134517326
451094534
129856824
106847594
458048815
467711642
611627558
551249282
750788802
126470810
422266083
352876521
217536847
579706434
257227400
17979182
464392643
263735197
226760660
599256313
260680123
696122012
610503374
352932592
494719880
73602473
346004706
182007320
614989796
314961473
156867247
240107122
525019518
380754067
338346166
364925269
425581746
461984602
414555453
123796472
688885290
48874702
178695927
343656510
254751632
78401307
603691612
39511721
36391199
539475819
359943278
505431428
598907898
178813804
227852673
107380335
467786286
316933842
395613311
317078174
616138063
399751979
147497171
415924033
545572919
423825590
373040187
416375608
163345508
109116153
134637562
457655683
255813071
585159208
540790125
206844713
220783473
288797158
398681422
822468502
471019765
37689855
408451113
473239464
145122340
196951174
524001754
398189827
426386024
449506214
225498094
590615743
406348638
261600095
608925786
228892130
164535146
35496502
367363262
35317204
259853549
381185254
627370492
63064664
159785892
367486099
34344455
526107641
170690186
112822738
634695747
23950667
481921246
551349590
37013031
327975336
288797651
167581750
550395658
158589760
23183372
450809732
406738505
8264548
72079634
92629474
18065132
218203550
159059824
48132641
526274237
165621688
208240021
606413764
607859776
384438906
555540303
590467245
229721619
609721874
268606936
325054204
84826227
462271776
62650434
385860978
531814924
537322213
74592926
801539825
552204552
43203752
287767129
525527208
630250350
243294364
289264657
382610621
228199613
288581904
613599765
192231973
372687335
231227599
655851040
21728775
388252085
532486097
207717947
435677802
531346176
249085167
8286706
167968462
144904351
287434556
344437948
374307698
296022439
333538744
485399879
302844399
525440896
160868930
647640208
531867084
494351162
48242602
756274034
384252835
483930481
336341417
575585581
270746031
499985554
422241520
712659853
528798415
459748278
148004527
664072422
630027842
226368361
322524883
524347443
142505172
41976278
302519974
590827431
509421869
189508122
375104817
282635505
575953233
439246476
562075762
309739591
94912705
151067742
820513383
704089539
246835702
608541952
748950611
315413173
534312811
240338097
143826543
535408579
198959327
707272864
35088771
170056854
642823988
349754199
385137153
645091919
305998287
67643263
519349941
360022556
120639639
459306738
233591962
158186566
792299567
496345405
697268112
45162229
345109336
630370679
459533206
628375664
168195219
279576210
565556217
628253913
48850475
17989199
435603563
450647266
228266627
169203648
688066302
799716976
303018388
409539338
83977305
425982100
396980545
293882425
729486384
378121424
744315227
36379503
434773016
531425305
105545931
461736756
417319417
714987839
91142675
486067789
188500468
223890092
255322590
356959510
476175967
541982222
585780057
622992937
88453268
505717005
212246969
720331095
714717270
446524514
569518590
309603286
474862711
15051838
120850762
718809147
226525741
285985408
459223168
175036016
143593792
599369883
695737411
350188154
444615411
764860778
161922906
15127292
262869743
91172115
61714563
123441411
828617945
4593129
387974181
556561819
452964191
576755194
701817681
124998234
73136013
674548561
65608890
121962923
304638953
715192901
510717515
426653292
554721196
28203877
210752734
348094811
468495493
167694314
622402218
203151171
403229714
663770735
201707171
12841943
140307893
686915790
380614339
563353758
750253223
160191197
7339026
692933825
469769543
281252929
518634816
51480199
131939394
542391453
288544701
486786135
230151497
298284549
518119809
537913449
112102228
18196700
304813536
43123501
249072446
113977245
394640815
703736780
43829909
144792576
47936216
215828144
224547460
435025571
42572677
358069659
290232695
516535604
156744522
281846207
338620389
480660539
600537465
152270638
247413890
422536005
296091694
315431167
239646488
709672261
664736660
309892638
251577304
745190095
26168264
50668244
492408427
619012736
18095442
16993661
695780096
212991424
536621015
750121558
464485944
267633895
521188681
469218672
424820866
311972341
139507869
593289153
489759494
46594044
191892134
275082390
142513590
4886016
157351744
290995449
597995799
141906704
651156020
717516836
4781542
128469046
663192705
577882521
215166589
270357519
142862061
26172997
104602960
608353998
472975162
278233617
68824601
82102280
742581829
447389795
482847380
634372543
394805674
649580800
127308801
84936872
1757168
240919921
654206055
719657587
592983195
9001145
659442261
756530312
293244367
718854937
365481753
396759750
266037349
630650321
61094201
396783631
238884322
1404540
282495489
587776396
319971067
86108261
41526807
522379983
519612050
413028147
115848688
654582282
333300891
236526460
486982007
289149983
529238565
762645608
607741286
84842501
42553984
159790812
685811492
517963796
216019797
42083935
675229835
791996532
731328045
297440413
680945628
191801653
498962150
734115964
303144684
39184586
380085761
529396143
664833398
281856137
713445607
485912450
791694608
422152632
507267104
296094981
20553104
368079871
26435102
443408018
312763631
230683679
361780897
291544267
30370310
272368029
386223497
441755229
365624150
390744718
183371433
75925047
243279500
357848774
420251612
77270676
91272232
541764477
185864925
156557922
606732748
513608627
41997504
586813910
41081487
680322504
167797145
147540322
509757210
452143972
315505904
170835430
549705748
656349512
257197107
420610717
290995449
245492404
128316028
835459339
357169211
271748497
382759204
149845879
249110704
153261042
93150627
16312135
501104144
680606268
184109011
98061887
137145488
6522452
56241841
310412154
371923306
502230949
765635647
765365764
758809811
316576275
119945320
73544449
508569066
5697325
132343775
135378894
182098811
633572234
363896545
702863633
200143930
192170522
673442457
829104617
501845669
671422236
349870254
123537478
693233538
270774216
318774013
124596510
24125714
139849972
537290980
159006934
233428290
610993833
149432697
128420202
84952254
391249726
396175124
475050596
412094726
777296223
173187296
512996986
518439770
196056396
763293472
298648294
331345584
382046482
131001752
206546065
210967771
476240496
342254242
537913449
278734752
437726548
267481180
215551195
705597009
135114631
592754211
567924269
643802897
684042865
10441454
123311511
94808101
386263534
336431014
74612377
432819400
342980486
517569491
730494989
706206878
259955271
744828010
131001752
590500368
42846641
87650259
352860356
11651676
357131673
437712483
574738577
92104004
760729304
102513069
193481067
208923398
564809545
8306985
582835143
247751520
413195715
636684018
192773866
7662748
133132878
381203549
333398468
476576087
752209065
579743938
7210335
647480476
252562332
124311125
428838189
269082814
503236275
276466647
513825601
253590665
578574243
116090236
287219768
219461270
557953394
426066822
580754339
473458081
97702233
607682142
202337868
626134946
597465831
620000594
403948560
400942716
236986656
537855169
382011504
234143450
104336025
328003381
423690055
80087054
553920138
589605422
518439770
549621432
681801991
315332593
113435971
147950970
196831501
81883906
32087861
33191864
515917873
649790248
618618101
24898361
556094142
784008510
274654294
221614970
589821402
208900223
380513823
452942770
614338543
412835830
761802482
215099119
200609526
806156501
114843339
390845566
320682884
212981222
240855873
253019146
942205
653917234
92625402
511048698
175552894
24163245
581309888
430791094
730527159
298405368
738756346
693338708
391853009
625131620
425952242
468653905
265512730
57786956
220073747
290952178
797235276
103002348
98333707
471091199
240575220
600238083
489103767
155062157
132805453
99167974
553853250
222118912
363323230
74591697
712065620
670601116
79744429
95148631
311581134
140709329
152585520
81542254
360931076
621170375
550787889
34363409
476705769
234345855
358098780
262345126
220383028
20826981
621131184
285447812
238978118
581790116
472072720
657272460
532406400
3520935
350303603
166999073
300773894
131996732
39432019
288898104
730796794
552764745
515836704
472308963
377811319
146152126
584269210
597821690
187171787
620586141
508499660
193942038
526028184
383969186
560312418
680316704
2470385
174992236
708554194
311725456
128488931
515666253
719248500
58291370
351814629
198276041
38408560
369797411
605200758
518832035
777230475
63948066
537564798
619617355
333474957
94001518
676611588
686940323
358750201
750883439
493757537
745820456
260479948
517251189
220673934
175542930
197231550
270079834
378650097
395362104
600936652
745937942
616411598
234456321
376675355
512483251
315806567
123841124
83023577
677260917
75587887
668595532
638573359
67930480
142501894
538309822
720687209
607768745
137871380
662244796
398434039
61941516
506183838
133241841
428711898
646918692
690290443
195996492
401313950
533005096
716983342
425016946
645735957
50345450
274602903
457766599
256312310
553957569
358895936
751863980
425625077
224415734
222422398
95753748
408176161
325591589
322281023
241995219
217821965
204412235
328988794
231320414
485456587
225397318
254795359
779884059
770395120
645733083
35059462
622112810
459762661
198655697
645114954
651147662
184747023
695407116
470845553
102395979
645515437
512024342
628660558
700103888
515836030
416512482
283316928
252543522
502928632
623393055
283400787
193889657
574930943
648953627
538631935
248811280
660058040
68806955
377819077
396863065
492551379
428554019
369033448
288423328
161938009
300505148
386893315
95708903
625439752
645704540
555721220
410936344
143482464
9135246
123751944
232474661
297250845
197725670
654116427
102790047
633528405
198537854
523356650
202119333
555281681
153958889
276829162
731850851
493428880
467372893
349498985
507857848
356760599
312763631
277620715
523418810
772990764
302816399
405264469
63412814
440185313
230458633
71998378
163358268
403863963
630887208
517468108
211679606
412588626
447021880
154836287
95950502
248179433
3460946
603111510
120402821
268454996
40292631
694649673
224221978
180991446
241396018
56100713
266218908
564257112
552869782
407989915
315195492
610205270
441245443
148027735
462771507
385070949
560933560
512974226
59403650
142771863
74413113
756459625
91855167
565169406
666836985
219850585
22548852
85560143
455804794
77537568
72072014
670782647
297319205
289053701
208456126
293687769
537507389
188840218
395159915
131685737
230590810
514281872
189491687
586167277
318092966
507104681
474764395
361366309
129799287
462273205
342104806
428151318
170204382
229740003
41624484
288694293
327888264
374171385
450148628
98353683
314153780
82962197
575071284
177861761
378650097
145452720
688123780
491194157
242416173
605266962
188196146
426507058
602716159
260858553
515075463
518003761
549475198
393961167
283977892
214003401
151193361
453447705
518459747
208577296
458037698
11323946
62067838
88610185
820422552
287053544
415336325
552306553
81362949
17897369
287044862
233560996
744336525
59103903
372385751
57813905
22834967
182067319
360134449
199165882
91570130
353471654
638159487
789325002
119650094
468909777
41236878
450748320
659457637
261921517
78299229
370578381
168325744
123697322
224508494
155098939
716283465
264578069
18289157
210155837
287955620
489365639
58201343
730833785
642119540
159790812
286425344
188484136
62462374
548710233
556783900
69222668
590435815
224229170
93095912
299545431
769808752
32255217
331603149
297492708
376979022
631553174
45686820
183287123
330214499
110021934
98488746
543982802
290020155
473052574
18124915
255316946
391015785
550167415
15375924
228159781
143317902
33252521
63766338
30147784
393536100
393647637
576302301
123805175
233779635
309619391
258999917
283504746
734469867
550373355
9142228
327281865
441222501
362855957
500017281
517129046
560192783
413865909
452610708
67463578
192141174
426289142
32540620
161583508
528153467
494785637
328149077
520509943
311732791
440598104
184377419
535665717
45037910
109606781
547243138
192279765
514902650
289075048
652011254
288028078
473800192
111538256
649234715
648136021
534291522
164248849
49484936
198880475
54362380
228102209
621003681
524525692
613411567
442734324
83468451
432615414
72211997
302860600
72133163
542092191
29532492
604575343
219580707
642945226
715083583
18253937
94127404
490634666
718829098
128446863
35938010
540188774
670278525
295689028
30770380
611301973
92425987
207394129
314557384
28874527
501459930
332442200
785612252
352651517
170286680
217936745
166683332
391739739
409231156
50258361
116234797
276309276
350180691
821502267
510233522
133916194
780452676
60491632
471496209
252563698
428593115
208480168
577616928
309570505
520711714
449002792
655105122
737280946
242580599
283621460
377476383
292991558
505367789
237379543
40592859
611336184
438351025
387135676
71911670
339537483
783674344
142627272
72351158
53991598
335421801
315490815
463220341
169070053
231959239
276117090
288806064
406738505
265975157
180991446
712387700
421690771
704433137
643470838
285380645
104289973
507973690
490697491
621184245
605030961
534213975
553562383
446715685
285552286
616572492
514505675
649957486
256426061
149717316
414697109
185443701
3714245
247843985
22902944
345858544
36509569
579567598
315664819
401674156
733367933
726270198
198348280
553858043
442439389
211742055
535428940
568332490
104422655
93938785
78565219
476304144
381930364
220599500
657467556
302532973
320526547
340850400
517350595
159026529
242391045
489599957
160058717
122482871
43065559
176468878
281313724
82051471
379099757
56488015
339870551
135324320
692272802
18134716
340696373
623958647
217936407
153958889
545977603
489422127
661165676
284227522
557390562
44176764
594917865
90871671
165793696
409481031
225402880
578156189
41205277
435640329
398050677
360199437
433864026
139524493
695583630
691533259
229417683
219922095
669551924
91951436
474879023
241127425
110113020
443700704
362422848
490488889
465250825
422439091
285320843
555828972
471147514
417884665
216031450
245226806
386962504
236899938
153072669
11991414
648678674
677561863
578784239
64142434
63959947
689102315
230680510
404925472
261726732
168734276
764709909
400463142
748072864
310360185
567576877
15326056
544841282
366155844
276470014
583104837
123437062
366711103
482835296
153925992
561879998
368241343
48962160
76252875
78484384
353941232
376140525
56422232
454313147
437485902
645201863
200998604
641715093
364925480
270505186
115256741
608116971
248750766
561743467
620913122
337025842
207584480
499632982
702267894
202782532
1680119
169643602
576280927
133850636
318253550
45813833
159638208
448515443
147282399
408143301
466857062
370832583
18079700
293474453
455230542
13262225
270281518
642512577
169426126
602209182
176668331
324197306
477645469
286354858
49905404
285668904
621180137
155291041
235063716
512308431
372804788
468105731
71125741
705894856
116872572
471080408
121675276
628696298
113574512
356055336
512773126
555117678
339636376
699870361
287131468
598185089
10578507
672494580
196553642
39104558
809717079
92480874
667588313
577337042
418772486
431903562
283783885
551270252
795272247
483378548
45821166
123513733
471125022
94950112
691241299
302743957
447738004
340385735
314779663
497796194
428236630
57881575
425841736
135137372
506272975
221827308
524344949
518723884
260970583
336763623
54311587
222993158
467786286
569007623
218863905
306264346
111099169
425321742
318870239
234884705
102356894
198064720
457798315
299704030
744432827
428236630
190734641
535102776
396114318
636912910
249406392
293851845
110989403
554711193
139890386
25804247
379178461
145889199
383066809
470606489
308867934
175316615
159772351
228660028
747297496
394320782
591072369
685626356
227222466
52338136
473950916
473995947
407180129
692336748
458004625
484600669
438688961
208919195
348860589
331518148
36430404
72525218
483260262
15784627
379298059
12582875
630832719
131996732
67189900
371787107
638336716
229290102
310410010
399564331
522926655
772300259
222903592
214296795
513644478
395991162
462777636
628096839
245267351
140222182
434989369
432775311
52434216
36201877
265953876
36583980
142934171
95826488
535096442
365064843
125946369
420098109
422370810
438759389
613447488
444688520
175729843
326594637
464007398
488303329
643380303
33023677
20345801
426281447
418108944
519096860
429616145
426037971
720706711
107629927
345961087
705653207
134574339
63667180
190382520
144896317
354143731
279387861
628739831
194921426
240142980
174197146
276418254
45686820
417401657
314779663
468407732
182079631
7863652
37876716
493744341
343627223
692674321
318303104
327681495
712291232
49469289
558476763
428527538
671742599
578693669
288256755
406503772
639102643
197469142
275522927
500829304
84806644
159334864
439672284
266688792
299829299
215098467
516436110
47082263
68503922
331794503
459836689
314861389
161978488
373261577
311280981
486893804
38912603
444185801
85947856
409295082
512130059
107631272
136623300
749984226
253613088
817790145
68955852
281570521
493362336
827986027
813921867
55866789
361289780
275792386
564142158
160492972
542024716
236876794
243254642
92483151
573672023
434924991
667316911
117282369
395612247
536975000
519324864
801889024
400173586
502541089
167738635
326740377
220449510
263660339
389326028
294085564
746333936
576601160
294690134
170177979
479792709
368131214
155974013
506378016
98093834
377193696
712423
521345668
240482237
450318083
260003647
212007146
487049418
74319198
750561715
349343942
389212984
96704041
499725826
323057295
624064258
701176616
103226074
730938583
565114356
376999430
807351658
40255604
68357928
59860627
222822618
678029896
183548067
267711836
312763631
296981146
289906116
643759583
694351902
643561098
601254843
78607933
740988929
290525039
176438008
403314089
157826161
264405950
147709178
321949366
484622560
428701200
306871071
273243848
614194526
62700239
753183679
693881948
476944397
218991706
732160011
291995130
635079573
356650563
487501751
346184746
829193944
470662491
236266048
398449066
415684843
271570409
50976491
513319392
250839693
3202502
408008885
99311316
443708949
462501173
183187064
384312003
356590510
421425682
594219295
765106108
611054225
632149476
136309207
390261286
411318321
360526238
341068457
56541669
514160055
106103563
490321984
21186668
611632682
304116324
399089727
151716196
435043378
248695505
539747900
554451843
147471252
644741888
592872017
433107928
85192225
240973299
178718641
374308738
140339095
51187545
693909723
218111159
310078132
394594624
363586169
621257331
512250775
67906331
497177903
447237289
500928374
202007076
106813056
360442268
149103927
403593234
719573413
729583474
672303156
120921173
340992218
56537356
489818841
262281144
625148179
297911885
492815785
324277948
333263525
27175088
477327374
557011589
773024773
48687305
139973061
28225291
598126012
201798741
361401882
92569380
250601503
695181388
53480734
75439887
14550780
562629696
259611534
415808244
613222524
328217473
249230253
635082649
99197382
499625586
695228326
303035436
231239860
707264754
115853540
92440022
633676084
478960349
193398497
285294101
665993528
207713231
371969491
572231408
222387393
17014352
388471237
238848586
556060952
766414191
276850356
399468429
381404882
309019330
166631792
433152682
19943507
180947840
386663862
137613800
435349698
366045351
6872831
167244513
508358420
90890035
277620990
155846394
364671953
502912790
321795979
598719399
702267894
19618390
731721921
756345751
208093485
491784108
426806093
783679824
46202498
145851549
495665078
649170854
396228936
286669992
335821149
137678961
301951544
12770347
288940250
141096799
420102534
698605891
397327791
364194388
231685136
101228481
90416004
433042874
474802223
515624246
473824616
95017682
88823713
154175997
515566136
565129041
553401914
511108312
111372593
561084581
142585687
764223366
15831793
604319618
723061753
307698880
417482155
374535622
233753122
81480871
306631131
551288811
370990502
329259599
332594398
208837202
392031582
167766495
746043010
131403629
655787813
737109489
706728122
397557778
212879398
677574588
169118192
505899163
350455180
57315304
205953241
87334844
160177141
271742928
396799111
458041262
208544935
276469182
128478420
309123951
589792425
446772272
697059552
701274732
544677849
386329686
590352509
296191192
751035568
659501876
48052238
816676528
402546407
94840586
272292731
396810452
581452946
576020512
362206422
229862202
447758841
90255886
655962859
288796698
84062240
451990457
434810379
543522874
715027481
588760438
158302174
18308821
496884584
551558052
551264135
656335798
223124471
213020471
537570611
461440021
834068867
724427637
498868464
94770787
505768903
263968091
474991673
544265234
182068270
78918867
255136616
704381752
637290852
476710238
259795182
425372353
240072848
631874275
589705132
309875207
449782071
710518122
280201113
133518046
136550471
17586697
500026752
420251612
406994146
735933166
193456908
32607742
307243914
122523174
422629191
548886393
72245216
351049624
416721415
170512000
487977370
541388375
295374770
187133651
73383823
41624484
156607327
457768062
419742550
190325164
382115320
518832035
76718562
134571717
420164161
693386769
597919764
342560664
186557244
396903884
98354746
63889339
39016833
606083448
129356283
99859553
636877358
207615217
283419775
158654714
271694029
684693743
106540815
401699800
357233322
47893231
379317404
78548452
193961493
775310437
107281375
333620060
297072814
84047965
747924314
3752360
54628330
365190567
489789565
389809153
137172134
684444867
415455648
477975298
520071702
288734155
324871831
94127404
438847768
307656209
417648082
145844420
192132118
510246758
421336452
400316636
132017055
376991189
666998014
434918849
422536005
538978581
480827127
630196437
664870035
397643575
371483042
763353981
261563680
326399996
422298010
403449204
164950451
341317555
411221108
457345805
155098939
370064581
409731084
232407321
380255525
197198949
58322815
431367512
582450380
466171102
159911721
67877629
772160819
995204
409639546
138749662
74715597
260614367
194281177
274842197
582435950
30038140
771691233
580953731
37503102
29039851
614091409
505832262
85867059
519082339
679501708
139816642
495054121
186268525
272593943
158411092
40622424
264355721
527390593
26337846
392566881
311402857
246934004
601134659
358508220
242886167
92372847
327256095
129633024
281422289
535005358
445998015
152695608
225066893
182007320
550353392
802508111
342794123
401417366
199165882
403152104
522988377
373702339
498338973
487179462
47524628
228102209
579008103
369402406
606417923
185357502
206575260
398217507
451875705
120215672
177917047
579731044
20819627
227849551
114414634
297417528
136746398
311900545
150931630
125378874
169860622
180775290
239256028
370986761
404519780
431088562
210113631
414118800
274355948
377166602
415636644
289884793
484125639
678533083
145500519
379977864
444386638
86647934
554825679
508334384
305291077
584929983
448483618
633701806
661872440
609501424
51125717
65175938
120762058
653890145
579072802
582074763
254813158
553112764
751339486
243306814
638329726
119499232
104322095
383743014
651633465
725186510
615183026
111058664
645298955
517001652
742723580
450711666
211400691
165795579
24851422
447378389
646667792
417196418
5427061
22836658
260009206
481878724
396804720
432547417
176291152
538549142
175840992
240567914
777243551
650104703
290505564
181189611
327062613
585997636
215163992
24112299
267053737
626704395
471013617
102802785
91250554
62204461
523021781
169001969
164707686
408876441
255532299
423497948
639416352
250741336
173192537
70986313
228627883
195360374
649253405
224039043
89279172
584063722
121988515
436014270
81285460
89849142
102527926
431506814
351853870
353045082
460507647
41857846
378207819
57764515
35040107
385480310
159223909
497231355
507399878
42501135
275757862
418094246
268284466
426770204
489788976
63648787
411107263
703659801
524503785
302163499
369349031
745983883
445219499
244012829
182976900
546694716
520970185
512400399
358750201
295279042
245515102
243515384
498559288
353861861
270458543
313329393
571722364
91316751
691273588
307483599
556704876
196122166
470772371
310161364
548036712
693926766
407335149
694443836
358831263
314375522
539392312
714101338
373040187
226419860
248595333
619726688
133831963
513641192
619656555
486468244
68432389
233362704
566235647
688590993
169292998
568085460
316083773
270059676
242601353
621081345
296529335
187885783
503349930
294324792
153140174
755594722
625132622
88849083
158065220
350802370
233387249
72194237
309767998
732910235
108062743
615736491
283188361
624648171
505112639
472897422
20947749
635367141
590152790
61327319
675768613
242200803
504594669
111246049
346913497
492959173
709865932
162396891
645960817
610307686
178236460
234011251
562165378
394139258
296243539
587330245
253772807
694550865
377224033
312699722
37932856
132068312
617194351
85398895
17119665
227431577
95944969
214492874
479515142
380417882
417991082
828703876
619726688
545416078
56353069
611980518
764965357
752267130
483744328
55517665
744676911
139729172
58567486
458383630
128072464
142592885
119647346
320881566
595088361
415998956
478480956
367120181
613775364
446700584
400197176
574166800
254476315
561711701
586136655
35351740
3872017
50950689
470479124
482552046
116433339
483625667
167738635
123375939
551161756
193627296
659648448
74669946
484985999
56934441
632416306
432958442
124596510
631200618
483832727
643098620
49900418
5022457
316729982
194762692
85070411
770955694
318015329
106866946
217576987
69720104
554944832
147291427
116558858
552472348
72389088
624486819
284233605
520830563
617698982
211205554
33676386
435735668
50854289
80725989
265428893
625886893
654673064
158468194
572246554
541072122
419665407
455415638
488301900
225592682
743885632
308493525
222756940
450604996
293603032
334928202
641320583
368120721
344310154
498333331
306837947
630881223
653299146
396644746
411948772
177619956
604551598
207627336
616810332
557417836
196491662
48110455
286387656
689668570
428434899
429528489
523843162
574731206
305873370
636523824
583939167
290048178
15626067
95130421
190262214
411138564
550264599
251545249
377511426
576042893
537954834
565263558
253495946
335203910
318961358
271946323
220909475
753670251
30213367
543462469
407031702
359896458
173742146
43198627
767241270
1480543
387046915
487187948
47565081
722361227
486337950
479792456
406978294
797112669
590591557
624111154
145465052
34523529
653899825
46888572
577639148
3866170
272347899
624274834
266245277
256973257
186679377
117077816
545428561
99275302
571150177
219885122
318025818
572949918
255517609
51125717
196491662
220755256
728370156
264455197
263115681
387695557
315692354
34045213
610231223
677846168
299125791
183697555
533973504
567811382
219870236
4593129
519876068
626975549
63439151
501498269
373402653
324159615
59419654
313260042
373155330
85697851
258163157
359243664
677294902
649322823
257816344
341386675
404510061
645102422
601771082
470015275
346677073
18198795
47074086
587196451
399776655
551548008
69839824
19004513
308758362
647537761
247119576
287710300
759679133
58714347
270544701
131690793
302242127
222685305
513813926
132790392
32774058
665036356
51188787
129217396
529103041
221451526
164890106
137305760
715538471
448718658
373556617
657626543
218097302
486402783
629771794
750812445
70485329
271457374
85285131
427576110
383125352
391818493
389822400
159091850
226865376
638402080
628313803
332767015
167547656
615159607
441302846
323662181
134506076
355895477
441623050
443188519
714484649
341435133
19973469
655731123
551284755
642600105
333683803
241396067
498841442
185348714
800502627
314145380
587308747
236616716
111303568
58719992
384373555
118641797
535229444
58870049
15771781
185436477
507778735
553243260
194559
117172251
111365877
556461682
384283470
327600122
19395598
572008367
135633963
389948465
224161472
259955829
538094414
371923306
458016825
427749430
295233470
520524702
359860941
336335227
157109309
771251054
56228020
370133965
220620750
455680058
225423993
58192395
261762975
216319471
91187704
333106735
586429404
409180307
438549517
158431568
607932471
723934212
377901579
382046482
399146391
116389926
18389259
367737894
579000499
325395225
564635751
612127340
696678557
91298106
503223154
123826362
313266784
577127255
475835458
571210724
101294718
429658190
456187191
525923063
771328631
19351647
394344219
708345113
461951662
137871380
180155834
255830007
222561954
205980129
74908982
246604211
604876098
450846088
307878483
519819502
451507489
725050160
515170513
612610146
270342608
280973133
764887167
87402930
497822423
462351039
493052274
777511623
584599583
686762078
407300176
247389887
37885652
367560352
504002865
294232988
223932977
724493317
721202571
54855279
179560137
140021323
378235009
575583309
78550211
127009695
128646706
74135355
404277305
570259907
553284280
648680457
18115981
706455525
358428077
381771893
122972850
9839794
583737578
484503653
649919180
48193013
207539572
718738825
446016765
129522761
302988244
477780487
654017051
769747196
704334277
682028582
447954154
296883221
766137998
609712724
56086843
415098634
643087373
170991663
271163922
94247038
300847348
285883106
397066948
192479683
69980786
518751811
114337590
58891703
693773897
643496551
74715574
189782779
74425073
181107546
359813353
621937630
55371330
60320142
62495216
195532440
542395074
542574914
201916553
57369122
457159507
602697390
521081532
226488250
322859723
519766626
703403619
421676073
348741468
450148334
532161870
25082664
56167570
453359381
255785984
538928872
285851526
505510274
518708
88178519
111933047
436147837
524025250
214545453
158538441
492516304
231559363
172221048
289691417
701387292
144775115
102619111
575742423
93788617
379633005
111420048
306966597
440353074
38294277
226005304
655403412
630557466
109351550
483810451
668752846
19686066
688879467
606381782
44272901
488224032
582895713
645163528
339003477
551112697
74537036
284000561
539305189
588567314
34292478
145794154
534299392
537489348
350367020
339544012
226805172
317827675
165077649
92528058
346886791
733667041
320518317
105087207
513537519
522989656
626840269
486823090
647690934
424309936
328581567
550567318
630751451
478823519
595227167
330437560
561242814
397548426
310505103
14620418
576445554
477887319
415401498
217249315
517663993
772777683
512071575
33146122
46519786
715460379
750569244
448671488
155779997
354464478
294010453
519067059
632527495
643815120
139507871
160058717
101978
396927099
493911383
636295442
527378488
129810022
249903838
413994668
112993105
238824036
722150448
592786823
138672960
390936197
115646935
668990262
689008265
289111484
374948293
422128229
25225623
529824289
495360579
615797313
132015062
469736545
711882120
212342884
130612558
640159461
95804639
381261882
228391346
368651702
277591192
442234744
704049492
359271311
225559641
92382310
315412499
541961006
246325781
120997666
15303044
518926450
305827027
342121859
143593792
370254619
254348715
238847868
205912210
217351660
317061180
623935677
278734752
196663109
351855659
9163393
394288127
244506235
808796561
484168070
262075952
427851660
686749916
140154264
469774843
249903838
351297853
184947630
616633859
309019330
766030386
351311272
158546313
215999749
757717977
590371573
283156524
727397241
101124452
523207957
292559757
248388966
157088144
686137691
551589827
67607218
196716152
289215752
482068193
327207690
248114336
26176247
261589149
310750847
523958676
677530633
156238756
183346608
25009815
365939117
448910600
224874232
509375547
574420670
158975278
107618082
149706048
374162286
241294716
579091412
134537727
49683653
348343661
48048381
711878092
476846827
587265706
408569334
199614992
143246222
225901462
137681235
340015765
223201230
657504729
109018448
794708034
183519696
134517326
432511201
292897631
729064130
496633744
579999730
800323098
236425828
217229890
508676525
173994955
584101523
345942805
432247249
358073788
142768398
153360435
479018849
764755357
317747838
489606694
702704434
15227032
139454826
422333130
345406719
222513929
190572926
645088828
455279695
72404012
195672652
418562665
459156126
501179234
286095071
671393849
300949478
163903343
606761698
707480628
109593438
454883316
3080171
639335830
507931705
130937052
317447496
76624324
401749246
202714825
396863276
278674556
189476951
283864573
36835357
458180589
583356493
232707283
277625352
231636895
415972594
21203824
182106904
562717859
528664188
84986255
18002598
344370547
94318574
308048676
686613572
514275135
554892894
324689204
429515335
525841394
221133722
528071191
359131131
40714611
6371505
72367182
239120801
17470912
579072203
826994725
525738085
645921000
485449826
137353757
306678898
261876289
32611763
354774307
98438831
92361586
356428305
518095053
669627962
49905404
314943071
617371835
45938467
11034093
539898504
170355838
318931044
509591792
134065163
689374287
256471341
421013811
479765033
421434294
57592163
823897047
472386827
668936568
510490579
567490070
169308014
546696780
625979109
87395249
137042703
45795137
466346795
115204508
659392511
293673683
471095128
398135121
372096437
222868456
348697440
101656551
84289322
301864665
564533791
463797190
269854138
80374231
126930261
729583474
71554148
709339519
595390361
399889687
224516268
284294132
200736158
396973189
65482154
213199028
389526837
378226794
256507036
1435456
394980942
764143082
424923836
83740204
302346393
535081127
180034472
685359090
123466689
334906341
325266099
406469802
270817227
490717724
595752700
432863786
731224590
744311958
52488689
476934145
237779013
115742900
691445483
369193219
77936641
467284152
431826851
347079904
168985732
356681624
705326796
260150816
559777159
494870566
368869875
455185573
185175148
28527502
134363936
621667996
113627749
280065852
659728005
653394146
327621420
120701534
247398875
38245477
240567914
61372440
770761916
753474142
407954316
33110992
51125717
348698024
25098876
308477711
541703851
401764885
287031146
261762975
412124499
489434038
125249973
167524529
254640044
123021447
464941803
190863270
297566056
736187426
474764395
556801056
620526926
638329726
406956269
42560174
394668600
102717119
101223652
366771744
375345713
287955239
99174359
584099318
205188406
326200086
418065965
308964073
288767320
638690790
656805490
139967263
285148908
321263549
38058293
539454247
518267891
506345510
88178519
129086357
240481278
59419654
290959607
520289587
664729542
564321528
298525448
529466612
241658750
406738505
709345338
12200297
597952370
115801194
78078729
395163294
422343828
308116105
645930982
40214572
246875215
93507210
248476820
327507808
495963948
288460556
407824797
249318467
325143043
148584416
426914694
383372296
259955271
177215007
290533694
674373539
284000561
189002398
105222037
572142326
408888892
292103562
205420288
143637795
316805223
512495697
802624710
572893583
65909922
219830050
233824274
361090866
122043226
676321011
378491093
264720570
74715597
220484590
580127457
499274859
422068276
310606287
15747556
727432635
439195805
667151104
419688262
629537267
243768437
380560647
271694029
165410471
762765140
89161928
776659252
76606660
462751279
678120060
524911106
294652919
595578412
416668119
466762940
523068459
605798469
583934660
421322209
625813523
599350826
142513590
244044704
59919583
63970648
698091078
283407619
373295850
150119781
468176688
121156477
565961942
512397530
596436852
17585153
647002636
261653877
447084623
264786721
310102313
262781967
390126593
94226889
504622274
332546385
125393097
517469137
749241491
311905546
417689414
88918819
442634015
561961117
590762349
62462374
488495192
639037394
404705517
499061812
58223876
190806269
764989270
396863276
168934926
490146412
327618179
789151431
324998187
378647287
317839786
563505247
49375535
598744117
463592564
579672053
225175779
487921394
46243328
153334710
535936876
224272905
609775585
654231400
126444120
451549069
72092623
707107572
639173273
528597483
21314631
502522044
609066505
156924922
460633787
612395530
126288601
449599157
669030215
498828
752041817
323189626
482394531
451970781
534154877
90764544
349293170
623062101
573639621
248654298
392952195
374069405
579163361
404108992
210849387
714688874
321384622
625896724
119033883
298471544
634640466
745989846
596359009
521647972
803740713
147039660
436020458
253545703
98278156
332754463
224294170
115033542
90215210
683511191
47204843
288206615
193925197
18169815
753963387
169451844
96927796
182132302
245943193
570413541
176585384
566117738
246902054
77624251
128088514
252439552
744442003
205988619
264449504
216495424
612710455
580222635
58616394
329075198
508126749
370910145
602801359
200181999
303610365
155785501
256554351
547000048
495340320
268887112
476427229
75439136
93211985
110817211
547549175
473434736
573868279
823897047
294334778
614063972
183057430
613313791
550227404
576257831
275492917
78222675
31966374
169265772
320442862
36298411
323117730
605224569
409840843
452106036
646128894
36455656
96787864
259630668
111641646
202643514
328195040
684182158
443918288
116985172
378060333
506685753
62789835
620090983
530394065
429949974
135163078
407914558
451818501
555062625
562081388
448666353
100982818
127154291
682935211
150410930
365439503
587294003
513606469
634518929
449488393
36305715
401950395
63375540
243834132
27492044
134323580
723699762
597433946
456216036
254538596
377186802
289314412
63507959
546734857
172558201
416946585
458079005
278734752
329555601
39032262
267711836
398224551
607658045
400054878
342953904
169101671
173696420
638573359
122515859
480424517
464327888
262508082
541896568
741737390
358951581
51720160
187495984
449875103
145597316
486279589
484688681
440197782
32241391
230359477
163224266
651481893
495651571
362889468
212790447
164012440
174501698
405850026
580078718
276899739
178866280
218009817
172042384
596916039
627368649
120039007
415508279
692147270
630590455
94962081
558101331
723781534
104336025
286508546
305175917
323009140
503510762
401546086
281019057
442409521
147670589
56101949
115212527
382407320
562869051
686293999
175594544
369083259
312625404
510461725
527064175
446489544
60984774
417291399
682456825
672515039
582446952
277589647
286028398
530857494
142768398
397186529
356903102
694215740
46337575
645665074
266721473
90871671
207489046
84452796
200662682
134507211
236072351
609024220
121226120
752200320
628815932
19309544
158113336
714135441
739069846
524040042
698564345
287859555
165805810
319844572
387776068
599110866
153974705
513619709
245966746
650532360
268983645
260104001
573273370
735597518
451016568
93691456
288736224
277571597
217551238
306239140
117810971
176638630
244480691
588385449
676729535
286446933
269974385
571387448
41826479
48196220
86868639
625629284
709437993
582648140
296012074
474656322
507094010
323161309
568004506
356582148
357049547
403235256
185401903
368288042
214993379
364551040
220813929
671220998
156521393
831642
37929542
201407367
387881587
142299693
470261714
659271890
308014831
644501869
169656581
668670366
73073905
266497339
223982775
63381032
724500616
320177709
263143776
170568219
433948845
55283583
239760892
374540552
364495123
55820660
609501424
450938042
614432582
203635495
138706314
499547798
62772657
59209420
93788617
289050838
516590735
409952658
597120853
224949974
657897139
173935480
360798871
378343641
409075174
28432637
709451164
18350752
253712492
719741030
691357772
75525951
336518690
178713955
134751287
654569625
42548096
645096475
453697264
592674727
329166543
645738270
39510412
362492603
10594228
728321419
310909791
587155907
665741497
161847644
184667681
157304787
211791563
677641237
7522662
437186465
643757317
432331236
441256440
434123910
357869841
52983347
18718755
358312725
630274939
527035276
677462579
44044235
12653374
536124918
464752139
210926642
766207552
500394335
696773442
58117768
516059949
106862952
435202931
808389157
464179295
504674535
216657452
175923162
689092344
448268206
823085883
676344671
410158399
459507250
428348761
709370956
819427414
198028390
37669188
471986488
359352536
306760952
1106945
161442622
482189583
305362083
247041285
168544245
565204316
286382424
227237746
542437129
562482840
505317141
407698296
200560428
562717859
271736906
386723947
212227976
777589230
455920359
123716275
237735110
660435079
437282096
3147930
683498874
34152477
691320113
195129899
210959466
338272097
121942271
191371170
644899422
629969156
108339654
101207829
225922842
226659458
165447282
523103579
176516865
766237908
95004636
300543880
412765900
226680430
34738727
627827674
207236058
702636245
295423535
417352409
375973806
111445152
637065366
195045979
455804794
254288458
238786991
241043379
469664505
685470569
490403809
723375216
363864570
52376157
235897232
84989242
396666835
76502745
515662119
468558400
343900536
747466270
446563232
705364596
265676894
125276527
187623377
322979475
435597665
298125711
394342388
208566208
235716374
488996973
94660697
389728434
229739379
304196212
314022693
118578961
286483367
114462440
550540182
408528113
234379478
45809742
485917824
507563946
571356429
664285576
330394768
401678790
559006638
251434846
403502749
1568064
27746553
675389922
181416258
514372513
416729815
328500903
499138731
40559715
312768854
369196199
281979703
221491484
577104666
219307408
390066154
379298059
210855429
224977167
255630355
491501912
309691229
233711606
92612111
156281167
119413827
177905581
273351757
139399328
415826609
217322869
108460474
600394591
490831452
286508546
416657143
229058469
525482777
30605876
311642966
249401767
200905984
593774367
314117745
218146559
517981675
126547098
362872014
581619638
26184600
739853743
367326994
509795299
394666418
297359770
683974157
163833085
263970569
336181037
260024729
448832116
393787199
314716795
334941169
448414819
56435259
164220734
368829964
624599252
693923767
628659235
91820940
86814825
297240081
449120411
541325304
732970346
339448372
375729443
51931979
259488565
224621462
450164318
399703187
293165223
499153316
488664303
532335569
776301062
178812459
485584676
687968817
246169729
644764807
208495369
394320243
510006224
732463204
30219313
34963128
327659709
641026065
405913879
323195905
68540910
25486603
53991598
615505236
187094188
226339159
175526974
77291472
284170696
535761863
742874658
211551101
183187064
627322489
194151635
274224482
1267420
280526231
251531878
29980261
140285213
794245178
492234757
545809285
428546187
79071690
105756868
87387211
151189365
312273437
556051810
260078372
194228903
10952420
575062843
409489562
145045505
103109145
435306339
14337216
491408415
472229178
615026625
475481938
597472315
165775636
520544123
262396943
148031728
286694320
448378891
535544136
581023295
378047259
83265448
637185083
250209104
417631128
108550239
787031470
577419562
135130215
602659742
569283493
339429262
238286698
402005248
561146443
92198333
174905620
383075560
517872123
264484821
368819570
698756536
17961326
462194763
720777994
35437849
218244664
253842931
146939040
174023084
551489981
352140181
243410607
178162685
499685133
542024716
653831789
539791050
585394878
482264177
627207702
403639372
465470133
292928035
597055226
575199719
356650563
348148968
194201855
726809525
676228655
323753389
152595111
202487471
219380974
288687185
352868490
275827837
475056761
53467229
322448817
317841421
411085286
440261036
582504682
376797178
112230529
342654697
472635023
422343000
106540815
589381751
10573816
764012650
222027060
480192361
334788341
399359798
582423277
257648932
513613360
422030833
601021553
76585289
171290780
487769785
465184569
699436258
452046829
204065416
210626186
218736624
58257751
54550081
111093297
263756294
753426451
192617999
524759162
824550430
660913053
515306339
300762932
350546389
298460693
174546686
561272949
252528224
170995188
265091233
130315358
69885149
191807726
639936451
363330223
375523312
218109786
368108081
286020787
430206199
232730174
578653300
330923945
134617217
462764694
528937681
472291990
139399328
276447227
519403852
524096479
482926125
339633802
301450199
363264857
92381600
10341003
736159863
275724806
181025627
680503726
306950899
441302846
692123778
393468690
255729069
251832379
629757030
314297255
472046320
241388876
18087310
212409956
118170078
502384126
12653374
485357972
122977316
203539004
437282096
496947774
663543527
85915
134272008
796478106
458966513
46937455
204742399
627098706
663351266
36984782
660566847
512230505
692062142
312642612
15667419
57835258
139563086
638799821
164157403
778508509
494817253
139908403
413158979
347764536
288025467
399736086
228450263
313355828
158830513
123186934
483316288
181696
610792275
261884071
535334390
97666557
235683772
10413424
39511721
150807522
682632589
408006998
18196700
247663438
13970540
184533823
551747018
126722789
386739642
357883375
657468971
315300132
99582596
26151068
317116324
67166368
571899534
496552112
426547083
527895503
754150606
527868591
574721056
433710172
159833791
87782642
26435102
499139163
100409616
557446366
57641198
477824970
677918471
690474968
150528304
596674311
579048181
394700424
238770522
282818167
462712789
44398421
137042703
410896669
565761066
147939957
323493040
203085424
20214299
473321152
403008519
328981945
576292966
326842977
232326486
613684675
280298888
619175292
701654936
237534390
96416883
622965102
17271769
340658388
404099787
405854174
354811137
176475034
249541562
759953524
393160432
230672348
60563152
169687170
40934732
549504490
46324635
134304089
3135890
398803153
238604960
697523832
655663376
176234823
677769668
352150277
491584389
219929927
95035172
59443336
457877173
621124915
36170083
99533540
635900663
283167445
686475666
137875669
597816186
519471412
423005385
503769704
39215357
331328521
595085485
56312435
85055134
217545301
516611784
414163936
627598804
513604262
442254196
412383223
691462391
407843011
109362056
408849801
384192132
116456717
142666129
351472932
508275455
84972316
356682596
451835133
86277759
528811576
47936216
206623145
120701534
220740112
726726515
37959521
725763943
463036579
268414747
589171485
665526337
385589990
178019263
597410776
297617656
564880535
224827154
241416914
460318742
711135525
213707102
146985980
384615826
722804519
247389887
326029424
176767598
524202796
279026120
184324700
227265709
401511984
381908861
613727494
758686401
277699940
814355451
94102121
43376028
281636943
98340710
314352592
378343641
791767547
220245618
655861567
644624712
296898438
224189916
293838125
50677278
300060349
258724250
54994860
590816568
61703193
654693226
24194119
240371370
266773050
666622354
413513724
764933619
190016482
621223154
270425090
151994802
34329652
298525448
366604931
446036383
571308090
91426581
499233411
723874339
557364190
333078717
7136134
730469636
546681722
624744402
72112566
662134589
190009878
464327888
111890384
220939662
421453433
390134852
373931948
133301361
622826937
183102618
437356145
512176098
504509235
155250094
652035914
444433400
202013655
474119165
12156564
347283168
505751350
28379931
224161472
200435181
131838730
310873371
424594637
445916355
114343851
148001655
736143389
329692128
490083988
734469867
303499968
587638279
14692635
725287927
393572776
244148892
386120976
262398279
504869619
44978350
458621823
88198061
623196571
470919130
453224616
32301205
137828992
237936335
376974487
546850472
164956558
456193433
247896711
216436452
705827865
624562875
288287540
636563107
597245428
569969814
202072333
720609930
85565942
182719531
3560021
247345160
707838685
88198061
61167263
410988250
463361380
86774411
17015626
374866346
56537356
233782590
703745498
573669993
139459541
127171168
76873670
429145267
521108733
214120245
399454021
526593168
443680255
501772884
701699848
272622665
709188268
104705043
466409946
706943689
233377449
460553473
31653416
315308266
2702304
735979081
123886037
363266555
225150665
15775172
168983938
188744220
261130030
555437357
49534977
73665012
756435133
518132132
37592432
117107012
139910980
17990240
608027054
266165068
366557946
80828640
302662247
194932038
365461780
94991608
238257681
542364162
761095000
130921565
315351972
499360873
400599717
86128923
494368565
438853293
703475617
268377633
418944888
186566514
311840797
488033041
678374121
158116771
667195421
337124259
325278185
147433498
177232760
675546893
255682661
447026973
356629348
370635349
578510872
300964975
594461101
402708126
137702718
374202451
383470268
367038976
206636391
19298919
460232704
388628456
87430441
502541089
620750651
369742157
203069239
244046923
670462837
330746788
148485541
273088597
178740718
194379871
416898300
218229798
243006334
25901615
655748143
747187757
32381260
535176245
430678589
136636967
546007917
611950696
558255655
76750333
188673229
302776243
392596685
796678841
264564797
555055475
151539470
137868210
294434277
126393746
315926027
653970084
363117685
416695906
529387224
48388024
88096652
713407527
640129585
453420163
80228605
331041142
100409616
284069307
286433794
269815870
84941763
15161943
205908019
438428324
330718404
46630771
49181460
174972716
535605805
83130437
650985080
89188618
137863910
741545636
504820560
359225799
36413089
396753956
384188807
7382572
402841834
94000434
589414987
326158500
62929322
444348178
539343216
120215672
575829913
715700850
374398577
244500507
766281187
16833629
694502374
153776750
557415348
283470591
259713277
539895530
422690322
93868505
218276616
355761321
703571741
224562089
592596674
496216451
120842127
627832995
630244304
576163477
120980
56030124
224161490
286107109
424889390
810042879
693169696
554432845
167429776
339123104
749494560
818425786
671893012
416598237
745600229
311793786
475916878
460458221
530432970
338629601
121259388
528820831
416149697
705949274
68432389
322893265
625572737
513573760
48091229
18095442
105323697
161605037
234485055
234475419
233480965
594970597
280989597
217636030
636357424
297658669
7409226
510524256
676244481
511307800
440874290
731405434
638478977
268968449
409529145
598105832
433809336
120188361
335258070
575558267
344595331
383038423
284355143
596935108
481733505
810235494
263457246
295342384
587849537
174967432
529643371
112854675
157108279
691458397
777835699
34332332
44899747
558543177
459316111
74575358
359862607
118131216
167454138
298476016
211617846
314818380
232311737
396574261
16619721
473737942
377127673
50818382
801366502
159745808
76675549
454235476
643730891
208346682
417409668
665235430
580122244
465064636
556409731
637202494
107738125
171358574
124014296
341310052
430190679
158414278
419702845
541899177
263779777
61383356
93789345
304485742
695332363
418504939
102489560
68244897
214313947
344919864
240085042
156220763
548174023
340204337
365851301
520533194
469148412
72285625
246793812
795569267
483106068
802690881
487521698
534550081
391786979
98275842
94840586
180982725
115472709
346938343
351166153
700391187
740541490
769055589
479435350
193929463
158199679
705192141
392299455
776697530
294008499
271227735
36567638
414414958
52062425
750445436
311767752
307584819
494696645
355440287
262800029
127981083
693895432
534917273
677910050
223784217
87507090
348278409
519331057
34892895
204621968
123738192
796067821
748011262
373040187
271623371
339925793
723073715
197589901
155299364
268420169
467349033
421372296
204039836
36899437
519068035
612930899
333911177
134661327
238853281
36899437
176264315
227435642
197566662
565970517
66562374
330840362
601771082
428327943
45758647
357454886
564668161
322578758
703057606
774297629
424772459
107668167
102289157
12909925
315505238
326868545
258334566
780621586
303666543
632941489
467046551
57744402
32635305
45771181
520527312
10764848
780915052
151401537
323579970
629869297
628096839
655936034
369292392
483568981
139860125
135378894
219941777
625178956
126920716
441320878
722221663
39164796
139719720
606393307
303407088
398077826
369938210
249315346
304670747
302086333
770165406
367158843
159026529
233852527
325520311
423867751
385284802
229550435
464127770
396753956
80245421
162392046
651335580
281792028
283504746
150059204
88179244
310511976
638388079
56554614
220444599
371520933
5526182
399556140
190438352
173766275
102337558
143217624
49584089
116965144
76999446
211212388
320891196
171955024
534833291
120276295
469533709
73392304
579339730
204350573
452022085
293790541
242517439
531337116
38873559
99261998
32653912
188044458
198287142
531225527
39823970
661229510
228465408
143413185
251293042
473253967
178762144
138734231
122568903
727537813
195601141
274985647
311745695
689180937
487481818
223208527
10576195
527242920
113466582
1029665
417344562
425347402
288024739
728197019
240685176
635141848
251933614
305873370
194517844
346271621
288857901
127439381
51626602
339014704
123803483
226393389
195388474
228500255
462680614
4593129
400858626
614794829
384794153
343444024
65559719
661900547
518182465
341605940
225493849
35317204
45743766
383649076
313273644
527356179
694731528
440205558
481174383
420042030
545571416
470725133
233350773
422285386
322687979
214864918
537120654
512908068
496564558
5951438
541879177
266808188
444913844
301938650
311976691
62561782
191302533
740229588
210846351
736269066
228348293
510384249
265320952
288516922
496728196
641031822
180810073
86981421
559311097
215278764
271008714
490522724
1687026
710243068
545229553
355500738
408699788
688014303
591524042
193859479
107015996
184734036
15968144
144545418
416608
324080701
502732685
367803949
457173749
673884390
104084794
623156655
320518317
150889038
459635247
592258425
83214394
240388227
302115988
215239615
428082505
676190416
372586760
78379001
337120993
556249570
540432894
402766895
798660597
130675620
765250150
390879430
412091423
294383972
598748538
750376712
528629123
393522543
126864022
175127823
185018357
443715768
234476958
159899588
99316382
625536591
288323898
629605433
418043745
471400178
227253868
375505321
349619644
664905539
732920725
198802337
494685749
286169185
267481180
414804948
704577077
131109326
295230104
87491626
637872276
307968196
26110027
156361870
188071503
592869010
626100699
483764516
313132142
76408306
777511623
1855163
599692006
546218898
433219466
89360004
176093441
456019508
552963170
181520868
297456552
139909289
576413356
176434387
814489132
291285359
74263719
389806869
507446332
159796631
475795606
114374163
524303124
18188402
55141061
543251045
72368056
519367144
182146638
109154189
209697492
146869104
50806353
405751126
344556178
698246663
481117687
227174886
357279371
371360327
46630771
316573074
421293654
268476504
248511124
381234924
668240061
151698364
288834146
143424476
656657746
348246370
701762054
202221685
236106019
454145098
539979160
3009763
373779843
669110273
413807099
206905548
316798259
506779764
606358315
218395911
343831704
33131368
357672604
207449713
575483033
501632339
150551717
501299582
368108081
365779886
450276166
56636797
194907039
766611348
274155883
485227566
271813538
742902411
434665660
255124178
54819806
466173974
343130785
449247749
111571837
574066983
83145216
767848519
384232154
331727786
251429961
362875362
701140397
369686360
398714222
53532396
553660343
74538560
147783534
412424300
127766548
260975081
48815796
282712683
225458676
150223798
691965056
447443110
427865333
284483424
351840489
288755579
252979866
804100829
519004163
417742989
67345097
37013031
176321669
483315222
508554748
489950772
50852345
467574095
769695027
263752492
184109011
573099186
275766416
142434312
2994826
71480970
489604582
167548256
518170641
69118011
99923328
203710856
388830146
277340390
298878202
634715495
14736101
425495592
12732965
693664213
155915276
45951716
536260958
395450427
440515727
212689676
314344438
479554303
536805568
115519254
625632707
398367631
522026852
627326205
719717813
224874466
762013344
548368145
466987491
247681339
835055478
62542058
662245127
76634456
638141499
363988191
294955471
182943538
148052642
520948835
271177579
121267953
339307866
310124335
695081893
62247284
441245443
326711320
87112036
1180950
328036472
462835891
676844995
473765964
733580704
302975672
440536181
233866806
509192466
39051320
216481594
355632760
326588973
240909612
589791333
83387593
439465804
198374632
696078205
66535041
204523955
496465952
76502745
81171369
379849892
430165984
497703856
155268157
286596353
765246371
650427167
129267481
695519398
433745284
147711439
525166817
747336273
522457461
347231429
404851407
377015110
507101376
466204633
724299168
105154680
209150512
158482600
621746511
164507826
235897232
23781120
750668314
555784825
196768357
112886410
607706347
394754434
257629576
431653847
417612237
190754875
56534401
647825973
719949059
270420829
547458091
314230189
562016727
226701802
155790297
366043866
741929940
2290933
277235074
695519398
110500796
121155738
338339288
539128575
41841930
624418622
192307484
244593244
147367466
31745277
312600632
1184044
615930134
168538729
248175155
450700955
128478420
638916355
561376967
489940208
687980930
533298111
146354998
46198512
285347595
256616965
128450523
160032385
553833447
299416171
447517982
516314364
552206597
733424317
493784616
112917912
107631272
379714456
56209422
699063865
496191416
270817227
613587255
369784194
755606974
758672520
480597425
42162990
327600702
118498508
375656661
703313761
342093648
245206812
646730225
413795395
619766417
484716263
13040201
747766737
23395793
626069007
542530734
617661440
187758639
296385482
222996402
72541320
238383923
195743676
383075560
58851938
68720635
736122300
724142372
388522925
396922479
464473518
627284378
251127225
528493647
552482608
132866328
378550226
657861068
251346252
396115710
397335566
20861620
647928811
636668741
344858450
677422380
352941938
448091786
489930799
403892899
339162149
159105230
373013509
254419223
657967156
627364823
465247027
306212252
749005446
468107379
42462133
551677071
380290539
301754154
409699990
339419034
267221663
527321645
324793175
379295734
484149938
231356653
557598767
731859000
611947068
468800939
582335672
150544216
220749608
251107224
649456356
271910092
403014204
550486068
398629371
32635305
85467283
417528465
370370898
113003231
649571496
76666319
297848959
664509217
239975134
334724597
468287378
444449140
17547866
679282766
259148624
624064258
236913576
207539572
458258490
294814392
745937942
249365220
346844550
404925472
671282528
131454013
450750339
57724543
436183010
232216562
556567705
34325402
326617927
153783327
372706330
327337313
175637555
265366171
209108994
276931478
189758816
577207005
594644661
633277739
592540709
394849834
104422655
630667628
210862179
419992730
138982735
139538128
398134270
102349035
525827138
77988134
25098876
533999948
538882798
406037996
444914394
92287158
233555386
394205002
549933652
254669914
28411103
590401281
460141415
206518039
412932330
312613738
51486985
237560816
290706308
59639989
61854444
228159781
233961719
50383555
87957949
776088433
578215740
139667535
364165740
69942943
158647884
205790432
724028943
41944758
155481300
301757641
368008815
676409103
511532980
283549369
304116324
36579211
399768526
681337674
151694987
87800927
8167956
236423124
330557585
18022615
477030527
422259148
58841900
197202637
42306764
240462588
373730113
260909960
464241370
540092446
752762802
456011483
457190153
198292844
221407734
652126208
410833723
239564030
331308799
54575900
161853570
680203928
125672871
317486165
506149662
410529491
572719689
352530585
410032652
414418624
775331447
169291299
294515588
374084110
132707947
384324871
612216863
736363165
354492498
593291795
637202494
693794595
269077856
1267528
378981094
495217852
713154436
67080105
371554231
484324729
363288234
552496210
606169004
459360057
532644035
56037762
91181141
354358313
19210748
209486480
712028156
175321162
598984539
41976278
22631018
405580492
431917159
328882401
319480078
177944387
96820048
488373724
555627084
447080478
735349784
93181439
309994655
428669661
505292238
665628128
570856884
250854213
158130889
804828337
194228903
315217900
384916595
371191310
507510758
771363991
524055006
739625744
570436918
664075863
539501199
700534832
711433895
551511657
232260559
115365351
295363553
15747556
22805570
38785700
309798646
249093752
277704798
6545103
196906116
439028437
235689093
72100921
339600979
300238055
744478151
539878072
398449066
689174875
255682049
532142589
57951706
489160698
565685632
604442966
505481834
633648918
479251084
534402517
557810048
511962321
543388401
15653795
433669678
412533431
114288259
12813591
427893091
89495998
302532973
793489290
282896857
66137973
204652883
264210913
176276424
460396066
297658669
582874912
75828013
147752305
555601445
326772732
404782096
533457135
394971513
17357940
111552144
652721005
330685437
161619412
205523036
548199785
375810846
591699920
445463465
435760125
391808416
97069409
229709313
769003023
216465072
22805570
430798355
687023412
221644873
595598709
617405508
298166380
742010324
745084383
627233151
637093038
255769883
444254128
339321094
630682182
519700772
623836984
76825
198029184
13007051
430289617
146020985
287131867
127171168
421199259
500315377
236341559
228396106
281018201
198725537
616595092
410562632
339618695
197620078
562326282
198031716
424920377
81453580
245187047
341306090
342886822
657051563
3674337
583582075
237453733
131600616
779274200
281683935
126938138
