6083475
5642858
151460
4209809
1470169
126606
5138710
872177
2159590
6409192
737713
1390116
7499802
2460110
5681537
3891790
8012152
3052289
2600992
2632628
1158463
3814743
4020444
1430681
4346918
6042288
5547954
2308586
3139640
2603430
3583413
3482335
3498676
160019
6328246
4929508
5244693
3023913
109645
4292405
1631655
635840
7065119
2109203
7720261
2450819
5582147
6678704
153907
3011432
2881684
3302052
2186710
6801575
3155836
5255442
2902433
3378524
4069084
2649827
3787765
6192290
494375
1975112
2703620
2636892
2916289
739963
2634605
4450227
6328976
2848668
1647953
1211018
4600807
5540338
1499380
2246469
4977428
5818415
3154017
57975
2590123
4401160
1674013
1908186
1987061
2943913
2044244
1545300
2704174
3317173
2184827
3074969
4911570
4884593
4499634
2326036
2986041
1608413
5179928
6087949
6093651
1260703
3348526
3614522
2953000
2650663
5217108
1117297
984118
944550
3614565
1654775
1142441
1311577
3714683
3510801
4513000
1331097
1159141
2803104
4036165
5612450
3778624
5333947
479879
42386
891797
4996451
6951695
610055
3421726
5184866
1281096
4487076
6773036
760939
3322609
4689091
6309691
6780890
924080
3489872
3721760
899339
2406737
7487352
6217109
6086149
2700056
1290198
4036434
3548220
1611694
6411685
778994
3433850
4821615
4665456
1669642
2548735
6245772
5455704
2421655
6591732
1226670
4921337
5246826
7582108
4021968
440006
5819055
6467891
4450252
3910672
2148927
1620738
1011713
625984
5617007
204929
4210723
6409192
1513765
7048672
4851078
3362280
4033956
3500532
2487689
5240621
146416
581313
3897561
1838239
4316353
7788256
2642878
2435707
5095144
2393879
6443718
4410064
3817286
6277915
3847374
1582370
1602351
2236218
1658308
1625829
3871473
4589329
175274
5467320
650555
4021547
737320
730479
1344771
3432108
487142
1671582
5532442
4537503
1769675
4484580
6979141
871940
6471896
2159590
3694967
2572792
1641252
6406790
4292405
5246826
3162816
1526177
2602994
3546902
4927827
4191528
5476878
3193518
3708092
2456399
164743
4529712
5433670
728572
4851292
4446160
3586994
4855023
1883417
3493186
1592657
4859836
6219303
778994
7182788
2429644
1798754
4029882
685202
4838254
1059702
3605014
5892622
3568768
809744
2005426
2652366
49547
4627520
811022
729626
4034948
3910021
6519465
849676
4191933
753702
3809718
826928
458885
3899514
4911570
4292161
306087
1611078
5675811
2524538
752626
3431780
655212
7520772
815910
170626
7751532
3711843
6139102
5098948
5708070
2685272
6507034
3139411
2005133
5649393
2652454
4480571
53263
3831915
413233
1655411
3163678
6191920
767610
876685
2405060
2482643
5049814
5657953
4704160
1664000
6077627
2241295
3272050
5483306
733159
7768657
761846
4854413
1535247
6597914
1131650
389353
7285507
2989873
8015981
2555112
4408333
3339180
7280326
5960053
3047754
1125171
4984932
6705296
3670428
1181677
3223084
3941510
4236793
718435
6540698
3491953
1599044
4644974
4951271
2844895
6244258
3977901
1655249
3701237
6234733
738442
2023805
3494329
5771300
1206819
4002581
5303098
6322523
7231814
6975065
8197322
2902976
3662827
5645629
3986145
2610029
494375
5964210
4449619
5759822
1805483
2542971
3700808
4876060
2983178
2587911
3855190
6239587
2934302
3319409
878531
2589277
2036221
1474971
1530391
1311456
4963334
2135965
5078762
1699015
3615284
2032311
4757775
2454024
3914317
4461863
6453133
153907
2730762
2225204
2435005
2407783
2436086
3498664
6907979
2710861
2699420
2373669
3100010
4589474
5096829
1081803
2567148
615421
3890086
728577
4344604
868480
42386
3558096
2822383
6211336
413249
3850344
3101279
3997762
5888981
8206050
2659866
5166943
879277
412121
1425417
652892
4917546
7548302
3839318
4093995
2426612
1864573
3661728
2027878
4892699
2467107
1846526
5030903
5457463
5974976
3844123
1100831
1639079
2179468
4730827
1130010
3702974
4275677
7071949
4977685
6349992
4274135
3494968
3259249
2565458
1009546
4812041
6663136
5360859
1344771
6916791
753702
3885229
4699120
3328587
5450339
1628319
2181850
3139640
6647201
3566787
1253186
6346195
1526099
5306042
2602994
3101279
89704
3899374
1664000
1131274
1089121
2657186
5234202
13967
1364009
5324076
3865803
2471939
2063042
1669642
3238707
5205584
7322148
6219303
1380314
924080
1651899
6565380
1798296
3067955
2811220
5939792
660461
6095293
1420271
540327
2788807
2007708
1488058
2314368
4066352
604679
2642878
874155
5744290
1645152
5972556
1665897
1513842
1474105
3173427
2237512
163360
6854632
2456014
2235243
5174857
2288583
6789091
8034293
1299887
6494337
2301192
3222752
935645
4221323
5058233
6673890
4730582
7527468
7126324
5173972
918272
733317
6244245
738914
5766446
3877204
7287529
3879994
1203110
6374810
2027499
682107
3122029
1316857
4904165
2152381
5535609
1908186
279677
2891915
7071949
6894555
1389731
2092289
4769379
2815729
400914
1350209
5048194
4096996
1113565
7564483
1430681
1943030
3498664
4838254
172679
3494329
8012678
1151182
4455334
120384
1976308
2636793
677380
2803419
4828872
4157582
7843954
3903389
4679402
5209970
2137044
2012866
3496711
737344
1611078
4900189
3688983
4153258
4909248
5813494
1815235
1967862
7542070
6301661
4131451
5450253
155179
4210723
2133721
2616236
5379194
3011294
5060969
2546256
5929892
3292915
2946104
3139411
1565698
730459
8100077
5426409
1331741
3352654
3973778
3512488
6127616
2138824
270060
4041526
1212434
5938515
4608551
826785
2462786
1268899
6462836
733712
3339180
5095394
644746
760587
464539
2468628
4931576
1245370
6819072
2196629
7778031
1275034
2526882
638917
3028274
6370853
2869131
6409501
5430756
5638169
5484413
6409192
4449619
5490772
2627483
3371238
2654262
4919337
5305936
4443221
2957441
455366
5422287
3157185
3339377
3857736
6650039
5137006
5092176
2975614
6181668
2562617
1520286
4494948
4174986
5306042
2236218
6444062
1988111
730459
4255776
6990213
4236793
4433581
3766305
4245402
4171202
2203992
4740328
7492642
747160
3745238
6570928
3267755
4981449
2791831
5513014
2431546
4408297
1614025
7476215
6182767
7105407
1688616
4943079
3693345
4169508
5100126
6329670
3732857
4620730
4893615
3040446
4979065
4098891
1095539
1204571
4508245
4102221
3711743
3899934
1164992
716391
737538
1085779
1664696
3486103
4180475
3422139
2747087
6676838
4456072
4898363
194765
877753
3454673
2491779
8119052
2443289
6351477
944770
4660512
6317345
3778524
4406538
6326218
126606
3789789
7015133
4893615
4611256
4767011
1932567
3908140
4418368
364108
2052138
569016
1095991
6533149
6679584
2728661
306087
5091554
1484425
600774
5094316
1566826
4204135
3483784
1549122
1368203
6462836
2147672
501216
6791395
1239814
3917113
4640059
6507531
2066169
3002027
7104119
6466321
375074
4838651
4942644
7587943
3498613
6784045
4439662
1159141
5595419
2148076
475424
1807255
1217986
5428772
5074285
1661351
1467100
7113086
6133349
2258535
2435707
737713
5360859
2249202
755391
6012483
1775062
384829
2902794
5666247
6090990
3480370
4718211
4470566
1966732
1313493
4781829
2631969
3778524
2349758
1232846
4536254
405969
3645286
1106984
5081201
1863729
741543
1650644
1549062
2457972
761902
4785866
1809677
1496117
4428718
3172415
2221498
1879083
2189913
5209452
2246469
4567415
875969
2470875
2776073
1497844
5421183
985420
6785288
5442283
1592994
4292221
6756716
569016
7432720
7844102
4465826
1716279
3833791
1015706
4003702
1489400
6504862
4000648
4617941
1227888
5691286
3769212
1236809
165060
620902
4380631
1098809
2665058
5597170
1147088
4527965
5484859
2130390
746501
749511
465852
1967373
7429896
1089121
4826813
8054119
1282206
373412
4651169
1695977
3272050
2443496
8126542
2916003
1535274
4670113
2663794
1326103
6669271
2263757
1085779
4983705
611795
7511571
4898813
1642640
2554971
2572120
7079562
3914317
6094283
7697532
4634249
3829901
6978258
1259917
3315104
173246
2598314
3597168
4716457
1091163
6192978
3152820
2601862
6015236
149527
1625475
1715755
4373879
3902274
2600253
5024237
2828376
2767323
3708368
846949
1475018
6782466
3336625
6208817
1449852
1169219
422425
4677120
5334134
3686828
5959530
6155946
1049920
4414144
1919708
1143355
1328775
4267619
1236809
2020983
238258
6629788
4454211
4699130
2661477
4960252
781558
3208821
763393
1664696
1377753
4716289
697448
2242995
1132358
2943913
6850800
818682
3323926
603013
1664696
2167883
4267238
1181705
6050768
2901028
4022247
5085573
716391
288372
3411009
5377120
558374
7333835
3444973
7628808
6073588
2453268
471224
5379034
2415502
545617
737344
1528813
658425
5203179
6397610
6437137
1697454
8215020
2943913
4687540
3252890
1489708
378387
378387
6494337
384978
4076588
1787003
4407115
2586262
304505
5961099
2487689
203687
6762601
4168641
1685311
1286536
358722
5221336
5018633
7374176
737713
1981240
5803277
6963017
5144134
1663929
4950798
625984
976823
400102
121857
4913185
2429088
2179468
3557821
2266461
8122347
3492350
4852119
6739109
759471
5171245
2275150
2569188
3111908
3495441
4385414
847463
2590123
4447533
2607219
2766094
3406334
5829160
7445488
6828423
2526150
5427380
4974078
2226509
7636838
2958221
2612081
3876116
6492189
669075
772540
952700
4475629
6328565
990625
1284223
3159503
2358630
2277616
2941627
5459405
274559
4103110
5964210
1792455
4857386
2858317
4439846
3207264
2147983
4214039
4089549
1196818
49547
5413837
286229
3869139
5561094
4149689
53267
2029182
7992693
4984872
5454229
5878972
1666524
3323926
4587328
5282153
4013176
4375707
4451908
765761
3336625
963304
7318499
1672454
3086995
730459
2507604
726895
5969822
4018834
4749583
1313962
5643415
1765683
2992110
3547767
1701039
1350895
1695272
7515511
3386704
5548250
3709178
2548735
1861210
1156393
4776682
7105407
6017995
2041294
6669271
6323210
730479
3703723
729240
1204571
3872187
3552009
6508671
2933508
6409192
8063634
2244293
5110428
577310
6656044
422079
4131451
872696
6975065
1932991
1523327
7168060
5060969
3641038
3597168
6069255
1559011
6546771
3041203
881448
120384
6332870
849676
3703336
1626277
7452099
3978398
5248412
3101279
8006723
3967481
5199932
1692374
1073963
1291889
4385833
5885310
7397423
512747
5799381
4225302
4668579
4688046
4965039
7387204
3491953
2790129
3992906
1441333
89704
487439
4465826
2544791
5461626
3175808
990625
2173815
4562203
3201323
3433850
4668863
4550786
1966083
3636114
2402980
3701695
6516050
2722076
2680937
5254216
2077970
5460769
2469240
1483593
4769962
3998230
391817
6157042
4743503
1845351
3258659
6560181
5458227
5317511
3948913
427271
1170452
3870865
3093696
5430084
194581
3977901
569016
1809339
4959203
877753
1595373
872138
3879967
4054191
4097224
5457621
3701695
3011432
3899421
1650334
2409593
3970843
5963977
7194621
4860966
6807726
3329627
654893
5159889
2511285
1210815
7222339
4767011
4661107
7641564
5172789
1553592
7376516
6191771
2668348
3462106
170626
2588805
2653260
5407476
4653268
5426409
1638212
1115354
3002027
4172000
4543079
4730827
1471452
723304
6426234
1607841
1342372
5181724
2661392
723800
5502723
4455913
3015658
2226509
6528437
2649827
6059829
1297646
5806389
4684994
2595383
573113
1496656
2054058
1156410
1993936
4742538
143832
5354139
4682721
2631110
3302969
5199932
7766223
2079948
7597795
2398339
4716880
176072
4893615
1224656
547054
1499380
4815948
1848242
2029531
2092289
737320
1602351
4760670
2079948
1449813
1281096
2680937
2386314
6670887
1643990
3109893
3768903
3084373
5482200
4712106
5690670
5030800
4862629
4773082
3113014
6151632
5132013
5083846
2846845
6225524
4004425
1144886
4266251
7624330
5968437
2349758
2250631
2303547
871940
2159590
1816707
5097996
6185746
6864598
737485
2461382
2259184
5276402
4231805
381047
3944711
7771019
6071892
7031859
486513
1647953
5138369
6158671
1728029
7120596
1967373
1439940
4996726
7417229
3617905
649691
3349902
3748867
2661477
4662481
4480370
2702861
7718419
1794318
4793870
1225748
1595394
3671598
4698720
3678573
4567979
2642936
2829767
872177
4189326
4100568
1618320
7127675
6292588
4292161
7155428
6975176
2645607
3879994
5485156
1640923
1674013
2540738
877753
1602139
3280155
2264246
3703674
6334725
2180027
1549062
185595
706040
7168940
2608165
3936002
3700190
1512280
6374337
2202933
7109869
7085330
5483732
3691154
7740388
270060
6266054
2370323
5627948
5539920
5908746
3923366
5883438
4968000
6769955
919046
5480726
4521717
5755012
5759792
5292334
7516349
2392315
4951342
6853863
5893472
6789939
1175436
1664733
5104106
3858329
4060102
7476869
1229187
3277286
3474086
6203336
65112
2022524
160019
4626731
6085084
3367924
4247137
3889692
4977685
5193834
2467600
503810
1674924
2661392
1688616
7280824
4534513
5195282
3421049
5305476
4974379
4897636
6656044
3494229
638917
4761961
2993265
2608165
176072
2675438
647859
1176554
5555053
6250204
163360
3703723
3459085
1371273
6601121
2426476
3138629
2012444
3930752
1015706
1632504
1807255
624438
3050328
5240900
3362446
878531
4451215
4227932
616400
2452531
2405060
5774812
2201342
3400502
1484519
3506427
6884082
2461382
6226275
1461998
2129542
3019035
5561943
1085779
1556512
5489204
7876560
4658727
2136183
1093339
3801999
749613
6237425
3137755
4206876
747083
1645040
1827929
5364085
4395410
5414815
1634956
1807075
4583609
4302598
4605826
1927599
1284080
1636131
6164799
130212
5307504
2210293
5527441
2358630
773630
2943913
981139
3708945
1821975
2645607
1132358
4091717
2381488
3507246
1801512
5996615
1441996
5816966
4719812
1147088
2727327
2459959
5228453
4173537
5697727
6670381
2718395
2463677
3042041
4347434
2667261
3539409
682784
2426479
875969
1815213
3076343
3010325
3417774
5655940
1438841
572189
3692862
4652246
963304
2039830
5796319
3989987
413236
1245086
3903523
3292915
3464944
4454784
1757883
2417416
2464183
138052
55898
2234720
533582
2119026
1179663
3558313
556005
2167883
2651599
7914140
404226
3215934
3497226
4723528
2720259
2035898
5339424
2422326
1410811
4763836
847353
6737388
5102076
4155907
2591488
56304
5520540
5070019
3699988
5083846
1559011
920151
2468628
2298503
2597729
3834896
5003495
1602915
6014492
2437543
6783225
2381384
1513819
1484054
1479910
3886790
735724
3999507
573959
733712
7091518
3873900
1962846
3239426
5894526
4480370
2029531
5211032
1698295
6475636
5245636
1292269
2811440
5458887
3747751
3033413
6410634
3709291
4421878
5993538
2192050
553122
5228184
4652173
3238843
6370853
6723822
5476726
6213128
3111639
840406
4603772
423033
2521742
3491953
2462593
2895115
6877535
3232743
1262675
2044206
4098891
829297
6664992
2857513
573959
2308828
1277802
2551431
2758489
2725410
1558143
2422614
3708646
2634546
5103639
5679790
4358869
3263038
3130660
171247
2507998
3103742
4011854
148845
5011555
4851089
1497569
4064370
2630375
623039
1377753
5242133
2783261
7729731
1666987
3715753
2462953
893835
6932107
3849736
6355357
4811222
205735
2652339
4236793
1940924
1666211
4578201
422079
3488201
2890765
318596
5304915
3930752
873800
1541941
5379866
4234751
1818356
2723516
1770925
4665874
761902
1583397
1611526
4214889
4713935
3609478
337931
440021
3709778
2448146
3494939
5012340
5811892
2452507
441051
3708945
1739967
6671598
4589068
4901330
578882
1055284
2182980
620902
4197466
1821975
664181
2246469
5405935
2082506
4460432
410442
3484544
4121904
4214039
4154593
6821426
1674013
8086591
2456399
6198704
6173829
1413282
149527
763393
2581693
3644205
7650147
4018848
5926063
2877545
3150977
1989618
5921627
3157185
7697782
3322452
3500339
5486862
4687304
2451004
2654262
7339523
4654568
5037516
6631293
7573137
1854647
2582923
7123831
3270065
5420919
3641038
1450171
2963097
5354157
7862783
1663340
2625109
5692684
244196
4260684
5943989
2603430
5260004
5087381
1694029
3930752
4386959
3230478
4008028
3309942
5410266
1631671
5689742
3963890
3460278
725146
5101087
5049564
3795332
4725490
6586072
6926115
2855190
2176053
8235358
576629
5569308
4249097
1163670
3856261
5461626
4038563
4663826
2487689
149527
198509
2661477
6895348
726895
4405329
6058758
4845036
5914663
1664733
572189
3700464
1450224
251577
8058500
4405723
38385
7739897
662851
4825358
6415007
6202194
663073
991995
658195
5788461
5881514
2066570
7037528
821689
7121237
7160494
6322350
1174619
1146243
4657850
5814441
4174944
733712
3137755
