-2496
1186
-335
1507
-3577
-2231
7741
-2496
723
7613
-2860
-619
1168
1268
7345
4091
-365
441
3507
2021
5493
-1475
9477
-2169
1407
4357
3487
9298
8974
-3261
6005
5910
297
7644
7577
3985
-3080
7140
-2231
7947
-80
-2496
7504
8533
1379
507
-2153
-2684
6566
-1531
6413
8510
3973
603
3695
6861
1248
8206
9094
7687
-224
256
4105
2323
401
3181
3181
-578
81
4775
4959
-3080
1478
6174
6320
5453
739
8510
1591
8467
492
997
3182
-2496
3068
-1531
7192
1000
7741
821
8244
1013
-1177
-814
8220
-176
7994
1046
4315
-3357
